20003,0,2126,4,0,4,0,4,0,4,1
7,0,251,4,0,4,0,4,0,4,1
5261,1,688,4,0,4,0,4,0,4,1
6140,0,267,5,1,4,0,5,1,4,1
20006,1,428,4,0,4,0,4,0,4,1
6014,0,474,7,1,6,1,7,2,5,1
5379,1,206,9,0,9,4,9,4,5,1
2,1,267,5,0,5,1,5,1,4,1
5880,0,437,6,0,6,1,6,1,5,1
7,1,223,9,1,8,4,9,5,4,1
5772,0,583,11,0,11,3,11,3,8,1
3,0,356,6,1,5,0,6,1,5,1
2,0,2288,4,0,4,0,4,0,4,1
5255,1,992,10,1,9,0,10,1,9,1
5379,0,345,9,0,9,4,9,4,5,1
5877,0,448,11,5,6,1,11,6,6,1
5755,0,3010,9,0,9,3,9,3,6,1
5262,1,531,14,2,12,4,14,6,8,1
5261,0,909,15,7,8,1,15,8,8,1
5771,1,431,11,2,9,2,11,4,7,1
5627,1,2414,8,0,8,0,8,0,8,1
5767,0,1967,21,8,13,1,21,9,13,1
5629,1,522,19,7,12,3,19,10,10,1
5000,0,667,14,0,14,5,14,5,9,1
6131,0,726,15,6,9,1,15,7,9,1
5269,1,1731,25,13,12,0,25,13,14,1
5255,0,1878,18,7,11,0,18,7,12,1
20006,0,928,17,6,11,4,17,10,8,1
5250,0,406,5,0,5,0,5,0,5,1
6131,1,2768,20,2,18,8,20,10,11,1
6134,0,965,19,2,17,0,19,2,17,1
6142,0,473,4,0,4,0,4,0,4,1
6014,1,1553,21,10,11,3,21,13,10,1
20007,1,734,21,0,21,12,21,12,10,1
5375,1,188,9,1,8,3,9,4,5,1
5763,1,846,8,1,7,3,8,4,4,1
20002,1,513,6,0,6,1,6,1,5,1
6135,1,944,16,0,16,5,16,5,12,1
5772,1,1191,25,6,19,6,25,12,15,1
5130,0,3027,23,4,19,4,23,8,16,1
5771,0,766,9,2,7,0,9,2,7,1
6137,0,1926,18,5,13,1,18,6,12,1
20005,0,1261,37,15,22,5,37,20,20,1
5626,0,4687,37,13,24,0,37,13,27,1
5629,0,904,32,12,20,10,32,22,13,1
20007,0,722,27,10,17,7,27,17,13,1
5758,0,1227,19,8,11,1,19,9,11,1
6141,1,3234,33,4,29,13,33,17,18,1
5631,1,808,14,0,14,7,14,7,8,1
5270,0,2783,24,10,14,0,24,10,17,1
5126,0,1714,41,5,36,4,41,9,33,1
5631,0,452,6,0,6,2,6,2,4,1
6130,1,572,16,5,11,1,16,6,11,1
5134,1,2590,9,0,9,1,9,1,9,1
6129,1,506,13,4,9,2,13,6,7,1
6006,1,604,10,2,8,4,10,6,4,1
6128,1,414,12,0,12,3,12,3,9,1
5759,1,2517,14,1,13,1,14,2,12,1
20002,0,740,10,3,7,2,10,5,5,1
6144,0,425,9,0,9,2,9,2,7,1
5759,0,8985,30,7,23,2,30,9,23,1
20003,1,11608,41,14,27,8,41,22,24,1
5262,0,6896,45,14,31,5,45,19,29,1
6011,0,1762,43,15,28,16,43,31,16,1
5272,1,1668,31,9,22,0,31,9,23,1
5876,0,1313,22,5,17,0,22,5,18,1
6130,0,552,14,1,13,4,14,5,9,1
6141,0,3486,54,20,34,16,54,36,24,1
5758,1,6954,49,29,20,1,49,30,24,1
5,0,1226,24,3,21,8,24,11,14,1
5767,1,4907,54,13,41,15,54,28,29,1
5126,1,2698,60,5,55,7,60,12,50,0
5881,0,653,19,3,16,1,19,4,15,1
5501,1,3160,12,3,9,2,12,5,8,1
6135,0,5848,41,14,27,5,41,19,27,1
5257,0,3718,63,11,52,35,63,46,25,1
6144,1,869,8,1,7,0,8,1,7,1
6128,0,2340,12,0,12,3,12,3,9,1
5253,1,1757,35,2,33,7,35,9,27,1
5269,0,3846,73,28,45,10,73,38,41,1
5135,0,922,10,1,9,1,10,2,8,1
5764,0,4797,15,5,10,3,15,8,8,1
6010,0,9479,50,27,23,5,50,32,22,1
5751,0,4644,13,1,12,5,13,6,8,1
5381,1,1287,25,5,20,6,25,11,16,1
5252,0,302,9,0,9,5,9,5,4,1
6006,0,831,8,0,8,4,8,4,4,1
5127,0,1089,23,10,13,4,23,14,11,1
5135,1,1333,30,13,17,1,30,14,18,1
5879,0,4026,47,16,31,3,47,19,31,1
5127,1,853,26,12,14,4,26,16,12,1
5762,0,6079,57,34,23,1,57,35,29,1
5270,1,569,25,2,23,14,25,16,10,1
5134,0,4180,57,21,36,9,57,30,33,1
5125,1,8930,44,22,22,6,44,28,20,1
6142,1,983,19,10,9,1,19,11,10,1
6132,0,6127,25,8,17,4,25,12,16,1
6136,1,1131,37,14,23,6,37,20,19,1
5764,1,7260,9,0,9,0,9,0,11,1
5125,0,6013,30,5,25,12,30,17,15,1
5884,0,5029,83,47,36,7,83,54,38,1
5882,0,317,6,0,6,2,6,2,4,1
5258,1,5067,9,2,7,2,9,4,6,1
5883,0,20922,79,19,60,17,79,36,50,0
5756,0,5045,71,26,45,0,71,26,50,0
5887,1,20677,28,12,16,3,28,15,23,1
5630,0,11638,108,29,79,46,108,75,44,1
20001,0,2940,25,5,20,3,25,8,19,1
5627,0,6019,70,19,51,22,70,41,35,1
5887,0,4487,23,7,16,8,23,15,11,1
6013,0,5703,128,103,25,6,128,109,37,1
5756,1,5672,70,16,54,9,70,25,50,0
5630,1,7342,125,37,88,49,125,86,50,0
5881,1,2410,37,10,27,7,37,17,21,1
5501,0,2104,21,10,11,2,21,12,11,1
8,0,526,7,0,7,3,7,3,4,1
3,1,1941,27,5,22,9,27,14,15,1
6002,0,2893,9,0,9,3,9,3,6,1
5766,1,1108,23,4,19,9,23,13,12,1
5884,1,3233,31,17,14,3,31,20,14,1
6004,1,2930,72,37,35,7,72,44,34,1
5634,1,36185,139,103,36,6,139,109,50,0
5380,0,4631,118,54,64,27,118,81,50,0
5634,0,34426,142,89,53,21,142,110,50,0
5259,0,6623,85,25,60,18,85,43,50,0
5130,1,1553,15,2,13,2,15,4,11,1
5502,1,8454,114,44,70,31,114,75,50,0
6008,0,7926,127,17,110,71,127,88,50,0
5375,0,907,45,20,25,11,45,31,19,1
5763,0,2517,10,5,5,0,10,5,6,1
5272,0,1308,42,5,37,12,42,17,26,1
5885,0,9305,41,12,29,11,41,23,22,1
6134,1,1027,19,2,17,0,19,2,17,1
5252,1,272,9,3,6,2,9,5,4,1
6001,0,1665,98,4,94,56,98,60,50,0
5502,0,14226,111,40,71,32,111,72,50,0
5381,0,1828,29,5,24,8,29,13,18,1
6005,1,729,12,1,11,2,12,3,9,1
20000,1,2306,8,0,8,0,8,0,8,1
6002,1,4174,33,12,21,8,33,20,16,1
5755,1,6790,45,14,31,8,45,22,27,1
5885,1,8061,39,12,27,8,39,20,22,1
5380,1,7205,108,41,67,28,108,69,50,0
6008,1,5494,131,32,99,60,131,92,50,0
6,0,2271,56,23,33,6,56,29,31,1
5754,0,3311,11,0,11,1,11,1,11,1
5258,0,2245,4,0,4,0,4,0,4,1
5128,0,323,8,2,6,1,8,3,5,1
20009,0,3054,52,18,34,2,52,20,34,1
5766,0,2009,52,12,40,18,52,30,26,1
5266,0,4935,122,59,63,24,122,83,50,0
5760,0,4664,134,81,53,21,134,102,46,1
5875,0,6775,89,35,54,14,89,49,50,0
5376,0,17543,112,38,74,36,112,74,50,0
6125,0,1885,56,15,41,18,56,33,27,1
5132,1,823,11,2,9,0,11,2,9,1
6140,1,1038,23,9,14,5,23,14,11,1
5626,1,5787,37,12,25,1,37,13,26,1
10,0,2784,16,2,14,4,16,6,11,1
6003,1,2803,25,5,20,7,25,12,15,1
5765,0,1095,30,10,20,5,30,15,18,1
5760,1,9268,142,89,53,21,142,110,49,1
5266,1,8926,114,41,73,33,114,74,50,0
5762,1,1183,27,10,17,5,27,15,13,1
6126,0,502,8,0,8,3,8,3,5,1
8,1,1416,30,6,24,11,30,17,16,1
5757,0,2261,119,62,57,27,119,89,41,1
6129,0,2705,18,0,18,5,18,5,14,1
5001,0,1422,39,10,29,11,39,21,20,1
5768,0,6743,68,33,35,15,68,48,27,1
6143,1,820,26,8,18,8,26,16,12,1
6005,0,2508,61,21,40,13,61,34,32,1
6127,0,9038,69,14,55,12,69,26,50,0
5250,1,844,23,10,13,2,23,12,13,1
2,2,353,5,0,5,1,5,1,4,1
5633,0,1396,44,5,39,8,44,13,33,1
5133,1,15415,32,5,27,3,32,8,31,1
6007,1,762,10,5,5,0,10,5,6,1
10,1,2747,16,4,12,1,16,5,12,1
5878,1,3821,53,29,24,4,53,33,25,1
1,0,2996,41,7,34,23,41,30,15,1
6136,0,1987,48,27,21,2,48,29,23,1
5772,2,537,8,0,8,0,8,0,8,1
5633,1,1718,27,0,27,3,27,3,24,1
5880,1,2857,18,5,13,4,18,9,10,1
5769,0,833,17,2,15,8,17,10,8,1
20006,2,162,4,0,4,0,4,0,4,1
6143,0,609,11,2,9,3,11,5,6,1
20008,1,1866,10,0,10,0,10,0,10,1
5883,1,20457,63,16,47,3,63,19,50,0
5770,0,1152,19,2,17,3,19,5,14,1
5625,0,2080,36,13,23,9,36,22,17,1
20000,0,3983,50,16,34,7,50,23,31,1
6135,2,4415,11,1,10,1,11,2,10,1
5754,1,4958,23,5,18,1,23,6,19,1
6,1,3056,55,16,39,9,55,25,34,1
20009,1,1848,22,4,18,2,22,6,16,1
5876,1,8677,95,40,55,14,95,54,50,0
6014,2,1349,14,5,9,1,14,6,9,1
1,1,419,8,1,7,3,8,4,4,1
5260,0,857,21,4,17,4,21,8,14,1
5753,0,11895,73,26,47,1,73,27,50,0
5629,2,2600,20,11,9,1,20,12,10,1
5133,0,22844,57,12,45,5,57,17,50,1
5254,0,674,13,5,8,2,13,7,7,1
5264,0,7679,71,22,49,5,71,27,50,0
5627,2,1625,11,2,9,1,11,3,8,1
5257,1,4489,66,7,59,40,66,47,27,1
20005,1,3708,113,56,57,20,113,76,50,0
6012,0,1230,13,6,7,0,13,6,8,1
6132,1,737,12,0,12,6,12,6,7,1
6003,0,4036,57,14,43,17,57,31,30,1
20004,1,7383,25,6,19,4,25,10,19,1
5763,2,836,6,0,6,2,6,2,4,1
6006,2,2307,5,0,5,1,5,1,4,1
6137,1,5484,44,23,21,1,44,24,24,1
6007,0,470,7,0,7,3,7,3,4,1
5265,0,609,18,2,16,2,18,4,14,1
5259,1,8991,62,11,51,7,62,18,50,0
5253,0,4893,75,28,47,2,75,30,50,0
5261,2,883,4,0,4,0,4,0,4,1
5254,1,478,12,5,7,0,12,5,8,1
5878,0,4354,23,10,13,3,23,13,13,1
5,1,455,7,0,7,0,7,0,7,1
5501,2,2620,12,5,7,2,12,7,6,1
20002,2,11478,24,6,18,4,24,10,20,1
5271,0,4418,78,14,64,24,78,38,46,1
5000,1,13904,67,23,44,9,67,32,43,1
6011,1,2169,55,19,36,21,55,40,21,1
20008,0,1624,23,5,18,1,23,6,18,1
5771,2,1349,9,0,9,2,9,2,7,1
6004,0,7207,107,60,47,9,107,69,50,0
5376,1,19212,129,38,91,57,129,95,50,0
5378,1,8038,29,4,25,6,29,10,23,1
6128,2,348,9,0,9,0,9,0,9,1
5131,1,5812,89,28,61,17,89,45,50,0
5751,1,1521,7,1,6,2,7,3,4,1
5379,2,1126,55,11,44,29,55,40,20,1
5269,2,4817,52,27,25,4,52,31,27,1
5631,2,284,6,0,6,2,6,2,4,1
5887,2,4181,7,2,5,0,7,2,6,1
5632,1,1632,54,0,54,44,54,44,18,1
5255,2,18203,90,43,47,6,90,49,50,0
20003,2,12542,19,0,19,0,19,0,24,1
5628,1,8426,93,30,63,19,93,49,50,0
5758,2,920,8,0,8,1,8,1,7,1
6133,0,5497,17,6,11,0,17,6,13,1
6139,0,3544,29,5,24,10,29,15,16,1
5253,2,7091,53,5,48,9,53,14,42,1
6001,1,3726,95,3,92,52,95,55,50,0
5883,2,6279,29,5,24,2,29,7,24,1
5270,2,241,6,1,5,0,6,1,5,1
6010,1,31761,133,71,62,29,133,100,50,0
5752,1,860,17,0,17,6,17,6,12,1
6131,2,15988,62,19,43,11,62,30,43,1
5380,2,2784,72,18,54,25,72,43,35,1
6144,2,4315,7,0,7,0,7,0,7,1
5128,1,320,10,0,10,5,10,5,5,1
20007,2,1216,46,12,34,17,46,29,21,1
3,2,956,25,5,20,8,25,13,14,1
5628,0,11184,70,20,50,10,70,30,45,1
20005,2,820,18,1,17,4,18,5,13,1
6013,2,610,28,19,9,1,28,20,11,1
5265,1,6205,57,10,47,3,57,13,47,1
5271,1,1565,38,5,33,11,38,16,24,1
5134,2,1872,40,12,28,6,40,18,25,1
5768,1,1741,21,8,13,4,21,12,10,1
7,2,3137,41,15,26,14,41,29,17,1
5268,0,3595,193,171,22,6,193,177,50,0
5879,1,10127,66,15,51,6,66,21,50,0
5272,2,610,14,0,14,0,14,0,14,1
5262,2,2666,73,24,49,19,73,43,36,1
5755,2,5182,24,1,23,9,24,10,16,1
5877,1,2545,77,34,43,17,77,51,35,1
5132,0,1769,49,20,29,7,49,27,25,1
5626,2,6965,43,13,30,5,43,18,29,1
5378,0,18021,56,22,34,4,56,26,36,1
6140,2,382,7,1,6,2,7,3,4,1
5765,2,376,8,0,8,1,8,1,7,1
5886,0,5344,38,13,25,10,38,23,19,1
9,0,9897,76,19,57,21,76,40,42,1
5877,2,404,10,5,5,0,10,5,6,1
5753,1,6133,113,65,48,6,113,71,50,0
5764,2,2345,6,0,6,1,6,1,5,1
6130,2,722,10,0,10,1,10,1,9,1
5250,2,249,5,0,5,0,5,0,5,1
5632,0,7137,250,0,250,250,250,250,50,0
20001,1,4972,40,10,30,1,40,11,31,1
5634,2,35135,141,89,52,21,141,110,50,0
6134,2,2022,38,8,30,6,38,14,26,1
10,2,1454,31,6,25,10,31,16,17,1
6127,1,7510,78,29,49,7,78,36,50,0
20004,0,3652,8,0,8,1,8,1,8,1
5268,1,2116,15,2,13,0,15,2,13,1
5757,2,317,7,0,7,2,7,2,5,1
1,2,481,19,3,16,10,19,13,7,1
5126,2,2611,59,6,53,7,59,13,48,1
5880,2,663,13,5,8,2,13,7,7,1
9,1,15203,83,24,59,17,83,41,50,0
5875,1,1691,37,11,26,4,37,15,25,1
6013,1,4543,209,184,25,7,209,191,50,0
6010,2,6186,22,8,14,5,22,13,11,1
6126,1,4811,40,14,26,9,40,23,21,1
5630,2,11004,116,38,78,39,116,77,50,0
5254,2,336,5,1,4,0,5,1,4,1
5767,2,10893,109,73,36,4,109,77,44,1
5,2,2540,22,4,18,5,22,9,14,1
6125,1,2969,32,10,22,7,32,17,18,1
5882,1,1166,30,10,20,10,30,20,13,1
5257,2,1084,42,2,40,29,42,31,15,1
5767,3,1691,14,4,10,0,14,4,10,1
5760,2,2953,83,44,39,12,83,56,32,1
5260,2,794,25,10,15,6,25,16,11,1
5761,1,3108,61,24,37,20,61,44,25,1
5769,1,484,6,0,6,1,6,1,5,1
5625,1,864,15,5,10,0,15,5,11,1
6125,2,344,11,4,7,0,11,4,7,1
5263,0,3359,26,4,22,3,26,7,19,1
5757,1,1095,40,27,13,1,40,28,15,1
5131,0,5992,83,25,58,15,83,40,50,0
5379,3,2419,13,1,12,3,13,4,10,1
5765,1,2394,7,0,7,0,7,0,7,1
2,3,1195,14,5,9,2,14,7,8,1
5266,2,7545,107,39,68,26,107,65,50,0
6011,2,1939,39,7,32,20,39,27,16,1
6131,3,5165,30,15,15,0,30,15,18,1
5130,2,5821,100,45,55,16,100,61,50,0
5135,2,1197,30,9,21,5,30,14,18,1
5770,2,1204,28,9,19,2,28,11,18,1
5375,2,769,41,15,26,14,41,29,17,1
20006,3,431,4,0,4,0,4,0,4,1
5133,2,2542,17,1,16,5,17,6,11,1
20000,2,2028,41,11,30,10,41,21,23,1
5759,2,9444,91,39,52,13,91,52,50,0
5758,3,952,8,0,8,1,8,1,7,1
5752,0,402,6,0,6,0,6,0,6,1
5751,2,746,5,1,4,0,5,1,4,1
5260,1,301,7,0,7,0,7,0,7,1
6012,1,1171,10,1,9,3,10,4,6,1
5756,2,2448,70,18,52,6,70,24,50,0
6142,2,719,15,0,15,8,15,8,8,1
5381,2,5865,46,15,31,6,46,21,29,1
5772,3,1193,24,5,19,7,24,12,13,1
20001,2,2482,15,0,15,2,15,2,13,1
9,2,2297,18,3,15,3,18,6,13,1
5769,2,764,12,0,12,5,12,5,8,1
5885,2,1680,9,1,8,0,9,1,8,1
5258,2,329,5,0,5,1,5,1,4,1
6142,3,1226,23,5,18,8,23,13,12,1
6008,2,9021,118,26,92,54,118,80,50,0
5127,2,589,5,0,5,0,5,0,5,1
5761,0,12793,150,74,76,48,150,122,50,0
6014,3,410,8,0,8,3,8,3,5,1
5259,2,2333,60,14,46,9,60,23,41,1
5256,1,8428,87,38,49,6,87,44,50,0
5629,3,643,19,7,12,3,19,10,10,1
7,3,250,5,0,5,1,5,1,4,1
6144,3,2184,8,1,7,0,8,1,7,1
5001,1,2162,23,6,17,4,23,10,14,1
6141,2,10892,108,30,78,41,108,71,50,0
5884,2,2970,97,59,38,10,97,69,39,1
5000,2,6965,84,14,70,28,84,42,50,0
5630,3,1874,39,10,29,12,39,22,19,1
5766,2,1229,11,0,11,5,11,5,6,1
5255,3,5115,19,4,15,4,19,8,12,1
5764,3,3624,7,0,7,2,7,2,5,1
5378,2,6323,57,16,41,14,57,30,33,1
5376,2,25143,115,47,68,34,115,81,50,0
5251,1,21324,102,59,43,8,102,67,50,0
5263,2,2457,23,1,22,3,23,4,19,1
6005,2,616,10,1,9,0,10,1,9,1
5134,3,434,13,3,10,2,13,5,8,1
5256,0,7142,72,8,64,18,72,26,50,0
5265,2,7848,49,2,47,11,49,13,38,1
5886,1,6649,23,6,17,5,23,11,15,1
5876,2,3591,33,6,27,6,33,12,22,1
5261,3,368,4,0,4,0,4,0,4,1
5262,3,479,8,0,8,0,8,0,8,1
8,2,5489,27,5,22,14,27,19,10,1
5879,2,7667,76,24,52,8,76,32,50,0
6138,0,3948,248,246,2,2,248,248,50,0
5502,2,10026,98,33,65,22,98,55,50,0
6137,2,3149,78,27,51,20,78,47,37,1
6139,2,2797,31,8,23,7,31,15,18,1
20007,3,244,5,0,5,0,5,0,5,1
5263,1,8757,66,10,56,10,66,20,50,0
5381,3,816,8,0,8,1,8,1,7,1
5759,3,3724,26,6,20,1,26,7,21,1
20003,3,8719,29,11,18,3,29,14,19,1
5875,2,1644,24,5,19,4,24,9,16,1
6132,2,744,5,0,5,0,5,0,5,1
5881,2,3390,80,17,63,18,80,35,50,0
6129,2,5375,36,6,30,9,36,15,24,1
5126,3,1294,36,5,31,1,36,6,31,1
6001,2,3873,94,1,93,55,94,56,50,0
5258,3,1226,7,0,7,3,7,3,4,1
5264,1,11028,74,25,49,6,74,31,50,0
5127,3,558,5,0,5,0,5,0,5,1
5756,3,4691,66,20,46,0,66,20,50,0
6003,2,2431,12,0,12,4,12,4,8,1
5270,3,197,6,0,6,1,6,1,5,1
6143,2,513,20,4,16,8,20,12,9,1
5269,3,3451,34,15,19,4,34,19,18,1
5125,2,6361,29,8,21,7,29,15,16,1
5771,3,739,14,6,8,0,14,6,9,1
5886,2,5282,53,13,40,18,53,31,26,1
5251,0,23251,98,48,50,14,98,62,50,0
6136,2,4546,152,113,39,9,152,122,50,0
5882,2,559,15,5,10,3,15,8,8,1
5252,2,367,11,4,7,3,11,7,4,1
5755,3,5408,25,0,25,11,25,11,16,1
5876,3,3230,58,23,35,4,58,27,35,1
5770,1,4783,80,35,45,12,80,47,39,1
5762,2,7637,68,19,49,16,68,35,39,1
5128,2,740,13,5,8,1,13,6,8,1
6140,3,314,7,0,7,3,7,3,4,1
5884,3,1246,38,19,19,7,38,26,15,1
20002,3,7106,37,18,19,7,37,25,17,1
5766,3,764,14,0,14,6,14,6,9,1
5380,3,4123,108,40,68,27,108,67,50,0
6007,2,1487,17,5,12,5,17,10,8,1
5250,3,301,5,0,5,0,5,0,5,1
6127,2,6975,76,24,52,12,76,36,45,1
6002,2,1315,12,1,11,5,12,6,6,1
5754,2,5723,46,15,31,7,46,22,29,1
6132,3,1030,5,0,5,0,5,0,5,1
6130,3,5695,30,1,29,10,30,11,22,1
6138,1,1901,250,246,4,4,250,250,50,0
5264,2,14543,54,7,47,2,54,9,50,0
5761,2,6623,49,24,25,13,49,37,19,1
6139,1,1157,8,0,8,1,8,1,7,1
8,3,3512,19,7,12,4,19,11,10,1
6141,3,7748,77,29,48,19,77,48,37,1
5880,3,370,5,0,5,0,5,0,5,1
5626,3,4260,41,10,31,4,41,14,30,1
20008,2,1283,19,2,17,6,19,8,12,1
5131,2,7969,77,20,57,14,77,34,50,0
5627,3,9654,73,26,47,14,73,40,39,1
5878,2,1774,18,5,13,1,18,6,13,1
6128,3,384,11,1,10,1,11,2,9,1
6,2,1130,20,5,15,0,20,5,16,1
5132,2,5159,87,34,53,17,87,51,45,1
20005,3,1047,38,15,23,6,38,21,20,1
5379,4,267,5,0,5,0,5,0,5,1
6126,2,686,14,5,9,2,14,7,8,1
5753,2,10999,87,34,53,8,87,42,50,0
6131,4,2295,10,1,9,3,10,4,6,1
10,3,2297,11,1,10,4,11,5,6,1
6135,3,13378,79,15,64,23,79,38,50,0
5380,4,659,10,1,9,0,10,1,9,1
2,4,288,5,0,5,1,5,1,4,1
5763,3,942,4,0,4,0,4,0,4,1
5877,3,727,20,2,18,11,20,13,8,1
5135,3,736,19,5,14,3,19,8,12,1
5887,3,909,9,3,6,2,9,5,4,1
6137,3,838,13,1,12,0,13,1,12,1
20004,2,2587,9,0,9,2,9,2,8,1
6006,3,534,4,0,4,0,4,0,4,1
5630,4,721,18,0,18,10,18,10,8,1
5125,3,3306,19,7,12,4,19,11,9,1
6005,3,3884,30,7,23,5,30,12,20,1
20006,4,581,12,2,10,3,12,5,8,1
5631,3,1975,42,5,37,25,42,30,16,1
5376,3,6954,52,20,32,11,52,31,26,1
5768,2,12524,100,34,66,39,100,73,38,1
5133,3,20584,65,14,51,10,65,24,50,0
10,4,542,17,3,14,8,17,11,6,1
5000,3,3117,46,2,44,17,46,19,30,1
3,3,2296,52,22,30,9,52,31,27,1
5758,4,1753,25,11,14,3,25,14,13,1
5883,3,20604,64,4,60,15,64,19,50,0
6135,4,2663,15,0,15,6,15,6,10,1
5767,4,2241,39,26,13,0,39,26,17,1
0,1,3554,202,71,131,110,202,181,50,0
5502,3,10370,102,30,72,30,102,60,50,0
5375,3,1195,56,17,39,23,56,40,23,1
6014,4,464,10,2,8,3,10,5,5,1
5501,3,2177,11,5,6,1,11,6,6,1
6134,3,8246,71,19,52,7,71,26,50,0
5272,3,7497,57,8,49,5,57,13,47,1
6133,2,7614,38,21,17,0,38,21,21,1
5625,2,4366,66,29,37,8,66,37,35,1
5752,2,8868,18,1,17,5,18,6,15,1
6003,3,928,8,0,8,0,8,0,8,1
5634,3,36772,148,101,47,16,148,117,50,0
6129,3,387,7,0,7,0,7,0,7,1
5253,3,1269,29,5,24,3,29,8,22,1
7,4,267,7,3,4,0,7,3,4,1
5879,3,5134,38,7,31,5,38,12,28,1
6004,2,3102,92,42,50,8,92,50,50,0
5378,4,3047,16,6,10,0,16,6,12,1
6008,3,6883,124,24,100,64,124,88,50,0
5378,3,7810,29,10,19,1,29,11,22,1
6143,3,2693,19,6,13,2,19,8,13,1
5134,4,849,14,0,14,6,14,6,8,1
5875,3,2008,21,5,16,1,21,6,16,1
5885,3,4216,38,18,20,1,38,19,22,1
6142,4,881,12,5,7,0,12,5,8,1
20009,2,7716,86,38,48,4,86,42,50,0
5772,4,2103,43,5,38,16,43,21,26,1
5882,3,276,4,0,4,0,4,0,4,1
5757,3,624,39,15,24,15,39,30,12,1
5131,3,1238,26,6,20,2,26,8,19,1
6006,4,2926,10,2,8,1,10,3,8,1
5627,4,1614,30,15,15,0,30,15,18,1
5881,3,5556,86,31,55,11,86,42,50,0
6002,3,7801,31,12,19,2,31,14,20,1
6007,3,950,11,4,7,1,11,5,7,1
6011,3,3337,70,15,55,36,70,51,28,1
6010,3,3358,29,5,24,11,29,16,14,1
20000,3,789,17,5,12,0,17,5,13,1
5501,4,499,5,1,4,0,5,1,4,1
5130,3,4656,103,55,48,8,103,63,50,0
5625,3,1253,9,1,8,0,9,1,8,1
5,3,1817,48,18,30,10,48,28,25,1
1,3,3114,26,5,21,13,26,18,10,1
5259,3,4654,83,19,64,28,83,47,44,1
5628,2,9367,64,22,42,1,64,23,47,1
5763,4,1317,6,0,6,2,6,2,4,1
5761,3,2851,42,21,21,8,42,29,17,1
5752,3,2533,7,0,7,1,7,1,6,1
6144,4,2022,33,5,28,11,33,16,19,1
6012,2,2909,16,5,11,3,16,8,9,1
5629,4,5352,47,30,17,1,47,31,21,1
6136,3,3201,27,11,16,4,27,15,14,1
20008,3,717,19,8,11,0,19,8,12,1
6133,1,11361,105,65,40,12,105,77,40,1
5760,3,9075,151,109,42,12,151,121,50,0
5262,4,455,11,1,10,2,11,3,8,1
5770,3,1405,16,1,15,1,16,2,14,1
6013,3,3653,166,144,22,3,166,147,44,1
5271,2,745,19,5,14,3,19,8,12,1
5754,3,1236,19,2,17,5,19,7,13,1
5255,4,6373,42,14,28,9,42,23,22,1
5381,4,2955,18,7,11,2,18,9,10,1
5756,4,6392,72,22,50,6,72,28,50,0
0,0,3842,186,63,123,103,186,166,50,0
5751,3,2374,12,5,7,0,12,5,8,1
5633,2,4715,76,6,70,24,76,30,50,0
5755,4,727,7,0,7,1,7,1,6,1
5132,3,826,16,6,10,1,16,7,9,1
3,4,407,7,0,7,2,7,2,5,1
5254,3,456,10,5,5,0,10,5,6,1
20002,4,765,7,0,7,2,7,2,5,1
20007,4,389,8,1,7,2,8,3,5,1
5001,2,4502,87,21,66,37,87,58,37,1
5764,4,2390,9,0,9,4,9,4,5,1
5884,4,368,7,1,6,1,7,2,5,1
5878,3,968,10,2,8,1,10,3,7,1
9,3,1167,9,0,9,2,9,2,7,1
5252,3,538,18,5,13,7,18,12,8,1
6012,3,2109,22,12,10,0,22,12,12,1
5765,3,326,7,0,7,0,7,0,7,1
5261,4,900,20,10,10,3,20,13,9,1
8,4,541,13,5,8,2,13,7,7,1
6125,3,1009,35,9,26,12,35,21,16,1
20003,4,16215,37,12,25,0,37,12,32,1
6,3,689,10,1,9,0,10,1,9,1
5000,4,849,10,0,10,1,10,1,9,1
5258,4,3769,22,11,11,3,22,14,10,1
6010,4,2336,12,5,7,0,12,5,7,1
5633,3,2882,34,3,31,7,34,10,25,1
6130,4,1002,12,0,12,3,12,3,9,1
6005,4,755,13,0,13,4,13,4,9,1
5126,4,3185,62,4,58,15,62,19,45,1
20004,3,2305,15,5,10,2,15,7,9,1
5001,3,1831,35,11,24,6,35,17,21,1
5268,2,8391,72,38,34,3,72,41,37,1
5257,3,9145,121,27,94,58,121,85,49,1
5270,4,370,5,0,5,0,5,0,5,1
5133,4,21951,70,18,52,11,70,29,50,0
5769,3,2440,5,0,5,0,5,0,5,1
6004,3,4093,79,43,36,8,79,51,36,1
5771,4,965,18,0,18,5,18,5,14,1
6140,4,525,18,0,18,11,18,11,8,1
5375,4,539,28,3,25,16,28,19,12,1
5762,3,10714,36,12,24,4,36,16,24,1
5253,4,3979,45,9,36,6,45,15,32,1
5135,4,1714,10,0,10,2,10,2,8,1
5263,3,1107,24,0,24,5,24,5,19,1
6128,4,959,30,6,24,5,30,11,21,1
5631,4,397,4,0,4,0,4,0,4,1
5260,3,817,24,5,19,6,24,11,14,1
6001,3,3665,101,9,92,54,101,63,50,0
5883,4,7015,35,3,32,7,35,10,26,1
5875,4,899,19,5,14,3,19,8,12,1
5877,4,546,18,6,12,5,18,11,9,1
5502,4,9300,77,36,41,5,77,41,43,1
5768,3,8010,38,17,21,9,38,26,16,1
5759,4,9778,60,14,46,7,60,21,45,1
5250,4,3056,35,11,24,8,35,19,20,1
5876,4,11548,94,35,59,19,94,54,50,0
5880,4,4508,16,5,11,3,16,8,10,1
6141,4,8751,100,43,57,19,100,62,50,0
6125,4,7426,19,0,19,3,19,3,18,1
6143,4,3660,22,6,16,4,22,10,14,1
1,4,492,8,1,7,3,8,4,4,1
5266,3,7381,134,60,74,36,134,96,50,0
5127,4,922,7,0,7,2,7,2,5,1
5769,4,1188,5,0,5,0,5,0,5,1
5269,4,6536,108,49,59,21,108,70,50,0
6134,4,5726,54,2,52,11,54,13,44,1
20008,4,1278,10,0,10,0,10,0,10,1
6011,4,1401,31,4,27,17,31,21,13,1
5626,4,7320,85,33,52,10,85,43,50,0
5254,4,344,6,0,6,2,6,2,4,1
6137,4,1054,15,2,13,1,15,3,12,1
5766,4,714,9,1,8,2,9,3,6,1
5125,4,3089,20,5,15,6,20,11,10,1
5251,2,11388,77,38,39,12,77,50,36,1
5268,3,970,33,18,15,2,33,20,16,1
5751,4,969,4,0,4,0,4,0,4,1
6139,3,9452,54,2,52,17,54,19,40,1
5886,3,918,21,4,17,8,21,12,10,1
6138,2,1853,250,248,2,2,250,250,50,0
5130,4,8824,65,27,38,5,65,32,39,1
5632,2,7428,250,0,250,250,250,250,50,0
5753,3,6401,103,55,48,5,103,60,50,0
5628,3,6741,80,26,54,9,80,35,50,0
6127,3,6520,93,45,48,8,93,53,50,0
6008,4,5693,132,27,105,65,132,92,50,0
0,2,3397,195,79,116,94,195,173,50,0
5131,4,3961,53,20,33,6,53,26,30,1
5634,4,38793,157,110,47,20,157,130,50,0
5265,3,7561,88,43,45,2,88,45,50,0
5272,4,3950,18,0,18,4,18,4,14,1
20009,3,7021,58,20,38,3,58,23,38,1
6132,4,5527,27,1,26,13,27,14,15,1
5625,4,2547,48,14,34,11,48,25,26,1
20005,4,5860,105,40,65,23,105,63,50,0
5752,4,335,7,0,7,1,7,1,6,1
5128,3,1613,49,14,35,23,49,37,17,1
5887,4,20691,38,16,22,7,38,23,24,1
5259,4,5817,43,5,38,3,43,8,37,1
20000,4,481,8,0,8,0,8,0,8,1
20001,3,4413,79,15,64,20,79,35,50,0
6129,4,4100,56,26,30,9,56,35,27,1
5754,4,372,17,5,12,4,17,9,9,1
6002,4,3536,33,14,19,7,33,21,14,1
5879,4,3905,32,3,29,2,32,5,28,1
5885,4,15002,71,25,46,8,71,33,45,1
5,4,324,11,0,11,4,11,4,7,1
6136,4,763,20,12,8,0,20,12,10,1
6138,3,3822,247,245,2,2,247,247,50,0
5881,4,3797,88,28,60,17,88,45,50,0
5760,4,9519,139,83,56,20,139,103,50,0
6127,4,3247,43,14,29,0,43,14,31,1
5132,4,773,11,1,10,1,11,2,9,1
6126,3,763,19,11,8,0,19,11,10,1
6138,4,3136,133,123,10,4,133,127,31,1
5882,4,706,13,0,13,6,13,6,8,1
5252,4,312,8,2,6,2,8,4,4,1
9,4,1045,8,0,8,1,8,1,7,1
5257,4,3076,120,30,90,65,120,95,43,1
5265,4,4851,66,16,50,5,66,21,50,0
20004,4,3091,8,0,8,1,8,1,8,1
5632,3,8881,241,5,236,234,241,239,50,0
5757,4,1710,84,43,41,17,84,60,32,1
6013,4,3297,223,207,16,4,223,211,50,0
5376,4,23113,139,63,76,43,139,106,50,0
5628,4,2322,40,10,30,5,40,15,27,1
5264,3,3690,30,6,24,1,30,7,24,1
5266,4,10473,132,54,78,39,132,93,50,0
5263,4,1944,21,1,20,1,21,2,19,1
20001,4,639,18,0,18,5,18,5,13,1
6003,4,10760,81,21,60,22,81,43,49,1
5256,2,8318,85,21,64,19,85,40,50,0
6001,4,3839,99,9,90,52,99,61,50,0
6,4,3106,29,5,24,5,29,10,21,1
5001,4,3422,23,5,18,5,23,10,15,1
5762,4,9716,92,44,48,13,92,57,45,1
6012,4,4132,60,30,30,10,60,40,27,1
5765,4,554,19,6,13,3,19,9,11,1
5768,4,5875,39,13,26,8,39,21,22,1
6004,4,2753,80,40,40,9,80,49,37,1
5256,3,1969,33,4,29,5,33,9,24,1
6007,4,2135,21,10,11,4,21,14,9,1
5251,3,12830,86,45,41,12,86,57,39,1
5753,4,8621,88,44,44,2,88,46,50,0
5761,4,4422,34,19,15,6,34,25,14,1
0,4,3825,189,79,110,84,189,163,50,0
5633,4,2004,84,19,65,19,84,38,50,0
5128,4,759,27,5,22,16,27,21,9,1
5271,3,4738,75,25,50,17,75,42,39,1
5878,4,9405,61,26,35,6,61,32,34,1
0,3,3381,202,70,132,111,202,181,50,0
5260,4,682,26,8,18,6,26,14,13,1
5268,4,2700,41,13,28,3,41,16,27,1
5770,4,3757,72,28,44,3,72,31,45,1
6126,4,987,27,3,24,12,27,15,14,1
20009,4,6404,65,22,43,6,65,28,40,1
6133,3,11130,77,33,44,17,77,50,33,1
6139,4,2496,28,5,23,9,28,14,16,1
5264,4,13764,69,26,43,1,69,27,49,1
5886,4,2118,46,6,40,23,46,29,20,1
5632,4,6946,250,0,250,250,250,250,50,0
5271,4,3107,33,8,25,6,33,14,21,1
5251,4,23027,105,49,56,21,105,70,50,0
6133,4,8083,41,12,29,11,41,23,21,1
5256,4,6914,91,37,54,11,91,48,50,0
