60000,1,2909,12,0,12,3,12,3,9,1
60035,1,2837,13,0,13,2,13,2,11,1
60041,0,1577,15,5,10,0,15,5,11,1
60000,0,1354,17,5,12,0,17,5,13,1
60055,0,991,16,0,16,6,16,6,11,1
60015,1,2873,12,2,10,1,12,3,9,1
60020,1,3284,19,0,19,2,19,2,18,1
60075,0,3566,23,1,22,9,23,10,14,1
60065,0,3242,35,17,18,1,35,18,20,1
60005,1,5285,31,3,28,4,31,7,25,1
60016,1,388,7,0,7,0,7,0,7,1
60010,1,12406,28,5,23,1,28,6,27,1
60060,0,3656,35,15,20,2,35,17,22,1
60085,0,3679,36,10,26,6,36,16,23,1
60010,0,4664,36,10,26,1,36,11,27,1
60005,0,5910,40,8,32,6,40,14,28,1
60030,0,11671,24,7,17,0,24,7,21,1
60090,0,23225,47,4,43,3,47,7,50,0
60015,0,8275,49,15,34,2,49,17,37,1
60001,0,1215,29,5,24,3,29,8,21,1
60035,0,7227,43,12,31,6,43,18,27,1
60030,1,13534,53,14,39,10,53,24,35,1
60020,0,13080,64,14,50,8,64,22,48,1
60045,1,10615,59,14,45,5,59,19,45,1
60045,0,10430,71,25,46,3,71,28,50,0
60016,0,1866,19,5,14,3,19,8,12,1
60050,0,17943,83,25,58,16,83,41,50,0
60056,0,42111,54,12,42,13,54,25,50,0
60095,0,4572,90,35,55,14,90,49,50,0
60042,0,7903,64,16,48,14,64,30,39,1
60080,0,14385,90,43,47,6,90,49,50,0
60086,0,8514,50,21,29,10,50,31,26,1
60017,1,7008,51,15,36,1,51,16,37,1
60040,1,12107,96,59,37,0,96,59,50,0
60025,0,14159,71,4,67,23,71,27,50,0
60025,1,8907,79,21,58,16,79,37,49,1
60051,0,5272,15,0,15,4,15,4,12,1
60036,1,8599,78,34,44,15,78,49,38,1
60046,0,1232,30,7,23,4,30,11,20,1
60041,1,1255,10,0,10,1,10,1,9,1
60018,1,666,11,1,10,1,11,2,9,1
60001,1,4328,102,44,58,15,102,59,50,0
60061,0,6664,62,10,52,13,62,23,42,1
60021,1,23729,76,30,46,4,76,34,50,0
60057,0,3192,18,6,12,0,18,6,13,1
60070,0,29632,83,20,63,24,83,44,49,1
60006,1,24075,80,34,46,4,80,38,50,0
60091,0,8396,61,24,37,6,61,30,36,1
60011,1,5950,96,41,55,13,96,54,50,0
60076,0,6798,109,70,39,1,109,71,50,0
60011,0,9821,61,13,48,9,61,22,41,1
60042,1,2861,12,0,12,0,12,0,12,1
60031,1,7962,57,31,26,9,57,40,23,1
60019,1,3783,12,0,12,0,12,0,13,1
60002,0,4106,82,31,51,11,82,42,44,1
60077,0,4184,7,1,6,0,7,1,6,1
60006,0,18103,75,35,40,10,75,45,38,1
60096,0,9538,50,15,35,1,50,16,38,1
60066,0,14073,126,72,54,19,126,91,50,0
60052,0,18453,31,4,27,5,31,9,24,1
60036,0,14473,82,29,53,15,82,44,50,0
60046,1,8126,74,28,46,2,74,30,50,0
60012,1,3553,19,5,14,0,19,5,15,1
60017,0,4771,78,24,54,10,78,34,50,0
60026,1,6522,71,23,48,4,71,27,50,0
60058,0,11638,39,6,33,9,39,15,27,1
60022,1,9166,34,10,24,0,34,10,26,1
60037,1,13242,51,12,39,10,51,22,35,1
60026,0,11891,65,18,47,2,65,20,50,0
60007,0,1519,31,0,31,9,31,9,23,1
60012,0,3933,33,8,25,6,33,14,21,1
60062,0,5687,59,12,47,7,59,19,43,1
60018,0,2410,10,0,10,1,10,1,9,1
60060,1,4207,36,9,27,10,36,19,20,1
60092,0,7208,50,4,46,16,50,20,34,1
60067,0,3821,21,4,17,4,21,8,15,1
60097,0,12491,24,2,22,3,24,5,21,1
60023,1,2628,11,0,11,1,11,1,10,1
60050,1,14153,80,17,63,19,80,36,50,0
60031,0,20574,111,55,56,18,111,73,50,0
60087,0,14938,73,26,47,5,73,31,50,0
60078,0,6224,40,13,27,13,40,26,17,1
60021,0,25757,117,62,55,17,117,79,50,0
60093,0,3276,13,0,13,1,13,1,13,1
60002,1,5418,95,42,53,13,95,55,50,0
60008,0,3636,17,5,12,5,17,10,8,1
60055,1,3459,64,20,44,14,64,34,36,1
60032,0,2595,17,0,17,3,17,3,14,1
60032,1,10378,72,25,47,3,72,28,50,0
60027,1,3870,49,17,32,1,49,18,35,1
60051,1,3523,18,1,17,5,18,6,13,1
60003,0,8979,69,13,56,11,69,24,49,1
60081,0,4403,138,101,37,2,138,103,50,0
60007,1,6280,79,26,53,9,79,35,50,0
60088,0,2723,19,3,16,4,19,7,12,1
60053,0,33831,50,9,41,11,50,20,44,1
60073,0,49018,29,0,29,0,29,0,50,0
60013,1,18460,57,3,54,13,57,16,49,1
60033,1,1717,16,3,13,5,16,8,8,1
60037,0,21977,46,7,39,3,46,10,43,1
60008,1,1284,13,5,8,1,13,6,8,1
60004,0,1215,17,5,12,0,17,5,13,1
60063,0,3157,64,13,51,7,64,20,46,1
60027,0,8749,63,16,47,2,63,18,50,0
60079,0,6052,40,1,39,10,40,11,31,1
60098,0,9593,48,7,41,6,48,13,40,1
60059,0,10607,78,24,54,11,78,35,50,0
60052,1,6740,28,5,23,6,28,11,18,1
60028,1,6015,32,12,20,5,32,17,17,1
60013,0,17946,62,0,62,22,62,22,50,0
60028,0,2893,8,0,8,0,8,0,8,1
60019,0,17287,54,8,46,4,54,12,49,1
60065,1,2945,14,1,13,4,14,5,9,1
60014,1,981,30,14,16,1,30,15,17,1
60068,0,12905,74,17,57,13,74,30,50,0
60053,1,4329,7,0,7,0,7,0,7,1
60061,1,7246,81,37,44,1,81,38,50,0
60057,1,9797,36,8,28,7,36,15,25,1
60089,0,4450,38,3,35,10,38,13,26,1
60033,0,9217,39,11,28,5,39,16,26,1
60074,0,12460,46,1,45,0,46,1,49,1
60054,0,5346,46,1,45,13,46,14,33,1
60038,1,53128,93,39,54,26,93,65,42,1
60024,1,10418,93,33,60,20,93,53,50,0
60003,1,7343,86,24,62,19,86,43,50,0
60094,0,5575,102,50,52,11,102,61,50,0
60075,1,6043,29,8,21,6,29,14,18,1
60099,0,6516,50,20,30,4,50,24,31,1
60010,2,1802,13,2,11,0,13,2,11,1
60082,0,21723,63,19,44,2,63,21,50,0
60039,1,833,23,5,18,8,23,13,11,1
60000,2,2296,32,13,19,1,32,14,20,1
60054,1,1999,48,6,42,8,48,14,36,1
60009,0,5752,117,69,48,11,117,80,50,0
60022,0,14894,76,23,53,9,76,32,50,0
60080,1,15725,59,16,43,0,59,16,50,0
60029,0,8701,59,14,45,21,59,35,30,1
60069,0,47695,41,2,39,7,41,9,50,0
60064,0,21738,62,14,48,5,62,19,50,0
60083,0,3609,20,1,19,1,20,2,18,1
60058,1,15645,58,10,48,18,58,28,35,1
60004,1,4807,41,10,31,7,41,17,27,1
60090,1,20388,77,10,67,27,77,37,50,0
60070,1,39328,66,13,53,19,66,32,50,0
60085,1,9051,75,21,54,11,75,32,50,0
60041,2,2631,18,6,12,2,18,8,11,1
60055,2,3269,7,0,7,0,7,0,7,1
60081,1,1561,25,7,18,5,25,12,14,1
60045,2,2495,13,2,11,2,13,4,9,1
60095,1,12956,76,22,54,13,76,35,50,0
60009,1,7821,128,83,45,10,128,93,50,0
60047,0,7645,249,248,1,0,249,248,50,0
60062,1,8289,77,22,55,10,77,32,50,1
60005,2,9209,71,12,59,14,71,26,50,0
60035,2,9828,33,9,24,4,33,13,23,1
60060,2,3279,18,1,17,6,18,7,12,1
60050,2,4971,29,3,26,6,29,9,21,1
60029,1,11326,97,11,86,46,97,57,50,0
60091,1,3155,29,10,19,2,29,12,19,1
60015,2,7974,79,26,53,15,79,41,45,1
60042,2,1520,15,0,15,3,15,3,12,1
60020,2,10823,68,17,51,8,68,25,50,0
60014,0,11877,92,36,56,19,92,55,50,0
60038,0,65230,112,44,68,37,112,81,50,0
60046,2,2844,27,5,22,1,27,6,22,1
60066,1,15807,117,74,43,10,117,84,50,0
60086,1,4876,31,10,21,7,31,17,17,1
60076,1,4126,109,72,37,0,109,72,50,0
60051,2,2647,12,0,12,3,12,3,9,1
60011,2,14149,63,9,54,10,63,19,50,0
60030,2,15809,60,15,45,11,60,26,41,1
60001,2,3253,75,18,57,19,75,37,42,1
60071,1,2481,49,4,45,10,49,14,36,1
60023,0,7249,65,22,43,9,65,31,39,1
60016,2,1553,10,0,10,3,10,3,7,1
60075,2,3026,7,0,7,0,7,0,7,1
60096,1,3242,50,17,33,4,50,21,32,1
60084,0,9599,62,7,55,10,62,17,50,0
60025,2,13349,73,13,60,17,73,30,50,0
60012,2,606,12,0,12,3,12,3,9,1
60006,2,10207,44,17,27,0,44,17,31,1
60052,2,5509,9,0,9,0,9,0,9,1
60047,1,8236,250,250,0,0,250,250,50,0
60056,2,43584,54,14,40,10,54,24,50,0
60059,1,12075,72,14,58,16,72,30,46,1
60087,1,7672,34,5,29,3,34,8,30,1
60067,1,3764,44,15,29,7,44,22,26,1
60064,1,9746,64,28,36,4,64,32,37,1
60007,2,926,22,0,22,2,22,2,20,1
60065,2,5977,70,28,42,6,70,34,42,1
60061,2,7363,62,14,48,8,62,22,44,1
60024,0,5808,33,8,25,3,33,11,25,1
60097,1,7740,23,2,21,3,23,5,20,1
60082,1,17378,81,38,43,4,81,42,50,0
60057,2,5628,16,1,15,4,16,5,12,1
60072,1,2001,46,14,32,3,46,17,32,1
60008,2,1810,8,0,8,2,8,2,6,1
60053,2,18435,29,7,22,5,29,12,24,1
60036,2,10578,74,15,59,27,74,42,39,1
60077,1,8990,50,15,35,7,50,22,33,1
60092,1,10254,72,11,61,18,72,29,50,0
60044,2,8053,83,21,62,17,83,38,50,0
60013,2,13955,48,0,48,13,48,13,41,1
60002,2,5376,76,33,43,12,76,45,38,1
60021,2,19178,78,25,53,10,78,35,50,0
60085,2,3846,34,5,29,7,34,12,24,1
60048,0,26572,88,14,74,36,88,50,50,0
60088,1,3596,36,10,26,5,36,15,22,1
60073,1,13366,19,1,18,2,19,3,20,1
60048,1,12381,59,17,42,18,59,35,31,1
60076,2,4894,104,60,44,6,104,66,50,0
60098,1,6636,26,7,19,3,26,10,17,1
60026,2,9074,75,31,44,0,75,31,50,0
60000,3,805,10,1,9,0,10,1,9,1
60070,2,36240,66,6,60,22,66,28,50,0
60080,2,7635,82,25,57,14,82,39,50,0
60039,0,7729,94,15,79,39,94,54,50,0
60058,2,11192,35,6,29,8,35,14,24,1
60093,1,3079,24,2,22,5,24,7,19,1
60083,1,9904,34,5,29,5,34,10,27,1
60090,2,19433,57,6,51,8,57,14,50,0
60017,2,6872,85,28,57,13,85,41,50,0
60095,2,5947,66,23,43,9,66,32,40,1
60069,1,57094,49,12,37,5,49,17,50,0
60062,2,4155,69,23,46,9,69,32,41,1
60031,2,27791,96,40,56,21,96,61,50,0
60077,2,5915,20,3,17,2,20,5,17,1
60091,2,1406,13,1,12,3,13,4,9,1
60074,1,9653,41,3,38,0,41,3,41,1
60086,2,7540,50,25,25,6,50,31,26,1
60015,3,2335,9,0,9,0,9,0,9,1
60054,2,3491,77,20,57,12,77,32,50,0
60003,2,6642,73,21,52,8,73,29,50,0
60081,2,8087,43,16,27,2,43,18,27,1
60089,1,10138,63,3,60,15,63,18,50,0
60096,2,6281,31,6,25,0,31,6,28,1
60092,2,1020,22,0,22,10,22,10,12,1
60087,2,541,13,0,13,4,13,4,9,1
60066,2,15127,111,71,40,5,111,76,50,0
60027,2,3750,62,29,33,2,62,31,35,1
60037,2,16477,74,27,47,8,74,35,50,0
60022,2,6496,53,12,41,10,53,22,34,1
60032,2,2991,38,1,37,11,38,12,28,1
60009,2,11307,109,67,42,4,109,71,50,0
60084,1,10280,68,13,55,12,68,25,50,0
60049,0,26052,79,36,43,3,79,39,50,0
60064,2,4542,11,1,10,0,11,1,10,1
60049,1,25648,69,15,54,11,69,26,50,0
60016,3,4781,15,1,14,1,15,2,14,1
60059,2,9464,63,19,44,8,63,27,40,1
60078,2,6757,41,8,33,17,41,25,21,1
60093,2,952,21,5,16,2,21,7,15,1
60001,3,4203,92,44,48,5,92,49,50,0
60088,2,3489,17,2,15,3,17,5,12,1
60004,2,998,26,2,24,10,26,12,15,1
60033,2,2082,10,0,10,2,10,2,8,1
60072,2,8176,80,29,51,9,80,38,50,0
60030,3,925,13,0,13,6,13,6,7,1
60023,2,3178,21,6,15,1,21,7,15,1
60099,1,23583,80,30,50,12,80,42,50,0
60094,1,6901,89,37,52,12,89,49,50,0
60078,1,12949,93,18,75,43,93,61,43,1
60020,3,6464,35,5,30,8,35,13,24,1
60005,3,7352,82,19,63,18,82,37,50,0
60060,3,625,10,0,10,4,10,4,6,1
60014,2,8679,97,31,66,25,97,56,50,0
60055,3,2733,21,6,15,3,21,9,13,1
60018,2,17621,68,10,58,16,68,26,50,0
60028,2,7985,36,13,23,5,36,18,21,1
60047,2,13499,223,212,11,4,223,216,50,0
60094,2,3460,23,1,22,5,23,6,17,1
60079,1,832,14,0,14,3,14,3,11,1
60021,3,3069,11,0,11,0,11,0,11,1
60073,2,13387,25,8,17,1,25,9,19,1
60010,3,11448,71,16,55,12,71,28,50,0
60035,3,12829,36,6,30,7,36,13,28,1
60019,2,2467,8,0,8,1,8,1,7,1
60041,3,9982,32,6,26,1,32,7,28,1
60097,2,38059,55,17,38,1,55,18,50,0
60082,2,20141,67,14,53,11,67,25,50,0
60045,3,9233,54,16,38,9,54,25,32,1
60002,3,2813,58,28,30,4,58,32,30,1
60057,3,10119,21,1,20,3,21,4,21,1
60079,2,10662,59,24,35,5,59,29,35,1
60098,2,1952,12,1,11,2,12,3,9,1
60025,3,9916,80,16,64,22,80,38,50,0
60024,2,6216,49,9,40,16,49,25,28,1
60042,3,3325,17,0,17,3,17,3,15,1
60065,3,7965,37,10,27,5,37,15,25,1
60075,3,7095,37,17,20,2,37,19,21,1
60089,2,6578,64,10,54,8,64,18,50,0
60067,2,6176,92,16,76,35,92,51,50,0
60034,2,4523,82,34,48,6,82,40,50,0
60050,3,16845,81,23,58,17,81,40,50,0
60046,3,1668,24,5,19,1,24,6,19,1
60017,3,9039,92,37,55,14,92,51,50,0
60000,4,1612,12,0,12,3,12,3,9,1
60090,3,21748,51,1,50,10,51,11,50,0
60061,3,9179,76,27,49,6,76,33,50,0
60011,3,8404,69,12,57,12,69,24,50,0
60099,2,6311,30,10,20,1,30,11,23,1
60018,3,2700,11,0,11,2,11,2,9,1
60085,3,6617,77,24,53,10,77,34,50,0
60080,3,11344,71,27,44,1,71,28,50,0
60074,2,13869,61,14,47,3,61,17,50,0
60006,3,19817,73,24,49,10,73,34,46,1
60026,3,6931,46,8,38,10,46,18,30,1
60005,4,5228,39,6,33,3,39,9,32,1
60070,3,38910,63,7,56,19,63,26,50,0
60038,2,73034,114,50,64,35,114,85,50,0
60086,3,2473,7,0,7,0,7,0,7,1
60058,3,7916,38,5,33,10,38,15,25,1
60010,4,3578,31,5,26,8,31,13,20,1
60020,4,1842,11,0,11,0,11,0,11,1
60091,3,4190,21,7,14,2,21,9,13,1
60012,3,2883,16,2,14,0,16,2,15,1
60062,3,1081,20,5,15,0,20,5,15,1
60036,3,12556,86,29,57,19,86,48,50,0
60003,3,8491,77,28,49,6,77,34,50,0
60087,3,1752,9,0,9,0,9,0,9,1
60083,2,15925,83,28,55,14,83,42,50,0
60051,3,7935,37,5,32,9,37,14,26,1
60022,3,20459,56,11,45,4,56,15,46,1
60048,2,27932,92,46,46,12,92,58,50,0
60031,3,24842,101,32,69,33,101,65,50,0
60019,3,5533,25,0,25,7,25,7,20,1
60039,2,942,17,1,16,6,17,7,11,1
60095,3,11124,89,35,54,13,89,48,50,0
60092,3,1577,17,1,16,4,17,5,12,1
60013,3,4846,16,0,16,1,16,1,16,1
60069,2,47333,63,14,49,13,63,27,50,0
60084,2,1019,17,3,14,2,17,5,12,1
60023,3,3013,13,1,12,2,13,3,10,1
60032,3,1889,16,1,15,1,16,2,14,1
60076,3,5713,105,66,39,2,105,68,50,0
60029,2,9810,101,28,73,33,101,61,50,0
60014,3,2520,12,0,12,0,12,0,12,1
60044,3,11729,88,34,54,11,88,45,50,0
60049,2,7345,22,1,21,6,22,7,16,1
60037,3,10785,40,19,21,1,40,20,25,1
60077,3,1083,7,0,7,1,7,1,6,1
60066,3,12736,131,93,38,5,131,98,50,0
60024,3,3539,17,4,13,4,17,8,9,1
60093,3,5136,13,1,12,0,13,1,14,1
60030,4,6375,22,5,17,0,22,5,19,1
60001,4,4886,94,35,59,17,94,52,50,0
60007,3,1923,60,2,58,19,60,21,40,1
60027,3,11046,67,15,52,7,67,22,50,0
60045,4,2543,12,2,10,1,12,3,9,1
60071,3,14514,67,21,46,3,67,24,50,0
60055,4,2520,11,0,11,4,11,4,7,1
60004,3,2987,43,15,28,5,43,20,27,1
60015,4,6878,77,25,52,9,77,34,50,0
60063,3,3564,67,18,49,2,67,20,50,0
60008,3,1772,6,0,6,0,6,0,6,1
60065,4,2675,16,5,11,1,16,6,11,1
60011,4,11157,71,18,53,7,71,25,50,0
60006,4,18594,79,24,55,13,79,37,50,0
60081,3,4777,106,63,43,4,106,67,50,0
60035,4,7764,39,10,29,5,39,15,26,1
60096,3,8111,52,5,47,14,52,19,37,1
60059,3,9599,80,17,63,21,80,38,50,0
60025,4,10179,48,3,45,14,48,17,35,1
60052,3,21299,62,12,50,13,62,25,42,1
60031,4,7317,24,6,18,4,24,10,16,1
60088,3,12933,74,14,60,21,74,35,43,1
60021,4,27978,86,36,50,9,86,45,50,0
60046,4,6534,34,1,33,1,34,2,34,1
60002,4,3128,44,16,28,4,44,20,26,1
60016,4,2153,32,15,17,3,32,18,17,1
60038,3,23402,33,9,24,11,33,20,19,1
60075,4,2628,17,5,12,1,17,6,12,1
60012,4,6545,24,3,21,6,24,9,16,1
60040,4,5117,94,49,45,4,94,53,50,0
60028,3,11813,55,24,31,5,55,29,31,1
60060,4,23871,58,15,43,6,58,21,50,0
60078,3,9533,47,15,32,10,47,25,25,1
60056,4,42136,49,6,43,11,49,17,50,0
60050,4,8517,68,13,55,15,68,28,43,1
60036,4,7822,36,4,32,12,36,16,24,1
60089,3,3089,21,4,17,0,21,4,17,1
60097,3,13529,35,12,23,1,35,13,26,1
60039,3,2373,11,0,11,3,11,3,8,1
60070,4,27447,49,8,41,14,49,22,35,1
60033,3,10395,84,21,63,30,84,51,40,1
60029,3,453,18,5,13,4,18,9,9,1
60072,3,2189,81,26,55,11,81,37,50,0
60061,4,2971,23,3,20,5,23,8,15,1
60067,3,9717,98,32,66,28,98,60,50,0
60037,4,2839,14,1,13,6,14,7,7,1
60041,4,6886,19,0,19,5,19,5,16,1
60026,4,12804,65,12,53,7,65,19,50,0
60094,3,2838,116,66,50,10,116,76,50,0
60032,4,16974,63,19,44,1,63,20,50,0
60003,4,4025,76,23,53,8,76,31,50,0
60007,4,6326,68,7,61,15,68,22,50,0
60064,3,18289,79,33,46,4,79,37,50,0
60053,3,44470,55,15,40,10,55,25,50,0
60051,4,5597,26,0,26,9,26,9,18,1
60080,4,2875,35,3,32,11,35,14,22,1
60066,4,13285,105,57,48,9,105,66,50,0
60082,3,23779,76,24,52,11,76,35,50,0
60062,4,4398,36,6,30,7,36,13,25,1
60009,3,10662,104,64,40,2,104,66,50,0
60013,4,16684,66,10,56,17,66,27,50,0
60017,4,4747,77,25,52,10,77,35,47,1
60073,4,7203,17,1,16,3,17,4,14,1
60047,3,8552,250,250,0,0,250,250,50,0
60004,4,4948,29,8,21,1,29,9,21,1
60079,3,14200,79,25,54,13,79,38,50,0
60033,4,4232,31,7,24,10,31,17,16,1
60076,4,5167,108,64,44,6,108,70,50,0
60022,4,12330,72,26,46,2,72,28,50,0
60057,4,17448,56,16,40,6,56,22,42,1
60038,4,19884,38,6,32,19,38,25,18,1
60067,4,1344,23,6,17,4,23,10,14,1
60098,3,10597,73,23,50,9,73,32,50,0
60034,3,10003,61,10,51,7,61,17,50,0
60083,3,3286,30,5,25,7,30,12,18,1
60090,4,23358,61,8,53,14,61,22,50,0
60027,4,6712,71,23,48,3,71,26,50,0
60085,4,12316,79,28,51,7,79,35,50,0
60042,4,5421,53,23,30,3,53,26,31,1
60073,3,39717,53,5,48,15,53,20,50,0
60077,4,4070,12,1,11,1,12,2,11,1
60018,4,5589,32,10,22,3,32,13,22,1
60068,3,14563,74,8,66,20,74,28,50,0
60052,4,17280,42,0,42,11,42,11,34,1
60074,4,10367,58,15,43,0,58,15,50,0
60091,4,2882,11,1,10,1,11,2,9,1
60081,4,4251,73,32,41,9,73,41,38,1
60095,4,4600,95,42,53,13,95,55,50,0
60054,3,4857,68,16,52,6,68,22,50,0
60008,4,13639,60,30,30,6,60,36,33,1
60048,3,10362,48,11,37,15,48,26,28,1
60028,4,8778,32,12,20,6,32,18,17,1
60063,4,4525,80,31,49,4,80,35,50,0
60039,4,3443,40,9,31,13,40,22,21,1
60023,4,6131,59,17,42,11,59,28,35,1
60074,3,11873,50,5,45,1,50,6,50,0
60034,4,6219,71,22,49,5,71,27,50,0
60068,4,7128,66,19,47,1,66,20,50,0
60019,4,5788,38,6,32,11,38,17,24,1
60014,4,10031,88,30,58,19,88,49,50,0
60092,4,5086,27,3,24,5,27,8,20,1
60099,3,18498,60,21,39,3,60,24,45,1
60029,4,3055,27,4,23,10,27,14,14,1
60086,4,13654,46,16,30,8,46,24,28,1
60058,4,24275,68,12,56,16,68,28,48,1
60044,4,8040,83,29,54,11,83,40,50,0
60087,4,1132,11,2,9,0,11,2,9,1
60078,4,14746,60,2,58,26,60,28,39,1
60096,4,5586,74,27,47,3,74,30,50,0
60082,4,20404,65,19,46,5,65,24,50,0
60064,4,12118,57,21,36,2,57,23,39,1
60053,4,27763,63,19,44,13,63,32,39,1
60069,3,54831,75,34,41,7,75,41,50,0
60059,4,5596,24,2,22,3,24,5,20,1
60047,4,7161,250,249,1,1,250,250,50,0
60024,4,6229,65,12,53,21,65,33,37,1
60093,4,8043,46,4,42,11,46,15,36,1
60049,3,31900,80,25,55,14,80,39,50,0
60009,4,8931,109,52,57,19,109,71,50,0
60083,4,12403,61,19,42,3,61,22,44,1
60097,4,45549,56,15,41,9,56,24,50,0
60079,4,12604,84,40,44,3,84,43,50,0
60054,4,8662,68,23,45,0,68,23,50,0
60048,4,25502,72,17,55,19,72,36,46,1
60088,4,19879,89,31,58,15,89,46,50,0
60098,4,1886,50,13,37,13,50,26,27,1
60094,4,7296,109,53,56,16,109,69,50,0
60084,4,4218,76,16,60,18,76,34,47,1
60089,4,6183,72,19,53,7,72,26,50,0
60099,4,9799,31,5,26,3,31,8,27,1
60049,4,26919,78,20,58,16,78,36,50,0
60072,0,1617,44,10,34,4,44,14,32,1
60056,3,48248,44,7,37,10,44,17,50,0
60063,1,5779,65,14,51,4,65,18,50,0
60034,1,10193,59,11,48,3,59,14,50,0
60056,1,49078,51,6,45,18,51,24,50,0
60063,2,6747,72,25,47,4,72,29,50,0
60084,3,10166,67,11,56,12,67,23,50,0
60069,4,56129,53,5,48,15,53,20,50,0
60040,0,9074,79,28,51,8,79,36,50,0
60071,4,12357,73,15,58,11,73,26,50,0
60040,3,14335,96,45,51,13,96,58,50,0
60040,2,8392,91,36,55,12,91,48,50,0
60072,4,3444,27,5,22,0,27,5,23,1
60044,0,5016,87,29,58,14,87,43,50,0
60068,1,18595,75,16,59,15,75,31,50,0
60044,1,9489,92,33,59,14,92,47,50,0
60071,2,10346,79,28,51,9,79,37,50,0
60068,2,15515,89,27,62,20,89,47,50,0
60071,0,9860,67,20,47,2,67,22,50,0
60034,0,13093,64,12,52,8,64,20,50,0
