50006,1,3625,6,0,6,0,6,0,6,1
50070,1,2873,10,0,10,2,10,2,8,1
50090,0,3043,7,0,7,0,7,0,7,1
50079,0,4341,11,0,11,0,11,0,11,1
50044,1,2162,10,0,10,3,10,3,7,1
50009,1,2404,9,0,9,1,9,1,8,1
50045,0,3721,13,2,11,0,13,2,11,1
50031,1,2376,13,1,12,4,13,5,8,1
50080,0,1802,13,5,8,0,13,5,9,1
5001,0,2118,18,5,13,4,18,9,10,1
50094,0,4324,19,1,18,6,19,7,13,1
50089,0,22057,10,3,7,0,10,3,16,1
50052,0,3377,6,0,6,0,6,0,6,1
50072,1,5151,27,6,21,10,27,16,12,1
50019,0,8753,36,14,22,2,36,16,22,1
50040,1,2863,20,7,13,0,20,7,14,1
50082,0,4849,22,7,15,3,22,10,13,1
50077,0,4835,30,20,10,2,30,22,11,1
50043,0,4930,17,0,17,6,17,6,12,1
50066,1,14213,28,1,27,2,28,3,28,1
50086,1,12502,19,0,19,2,19,2,17,1
50091,0,9009,37,11,26,5,37,16,23,1
50014,0,5411,26,12,14,0,26,12,15,1
50016,0,7902,50,9,41,13,50,22,31,1
50057,1,1936,13,0,13,6,13,6,8,1
50004,0,2209,10,1,9,0,10,1,9,1
50033,1,14092,49,20,29,2,49,22,30,1
50005,1,3934,15,5,10,0,15,5,10,1
50058,0,2365,13,0,13,6,13,6,7,1
50076,0,10983,60,28,32,7,60,35,31,1
50013,0,9118,50,18,32,6,50,24,29,1
50003,0,17348,50,8,42,15,50,23,32,1
50067,0,8961,83,6,77,65,83,71,26,1
50012,1,2859,11,2,9,3,11,5,6,1
50003,1,3035,9,1,8,0,9,1,8,1
50021,0,14852,58,16,42,12,58,28,34,1
50039,1,4772,58,19,39,26,58,45,19,1
50024,0,12860,70,13,57,10,70,23,50,0
50078,1,12051,78,28,50,6,78,34,50,0
50044,0,9330,20,5,15,3,20,8,14,1
50061,0,21698,78,30,48,5,78,35,50,0
50021,1,2667,9,0,9,1,9,1,8,1
50041,0,4607,18,0,18,6,18,6,12,1
50027,1,2079,11,3,8,0,11,3,8,1
50098,0,17658,86,43,43,2,86,45,50,0
5003,0,2989,8,0,8,2,8,2,6,1
50030,0,14771,44,13,31,0,44,13,34,1
50036,1,7117,30,6,24,11,30,17,15,1
50025,0,9473,20,0,20,5,20,5,17,1
50002,0,40066,78,31,47,11,78,42,46,1
50069,0,6679,24,9,15,3,24,12,13,1
50055,0,7834,27,9,18,1,27,10,20,1
50027,0,5119,36,15,21,5,36,20,19,1
50084,0,7293,14,0,14,3,14,3,11,1
50015,1,7193,14,1,13,1,14,2,13,1
50059,0,10865,41,11,30,4,41,15,29,1
50081,1,4889,23,0,23,12,23,12,12,1
50071,0,16273,100,57,43,1,100,58,50,0
50006,0,3153,7,0,7,1,7,1,6,1
50070,0,6610,20,1,19,8,20,9,13,1
50083,1,2368,11,1,10,1,11,2,9,1
50000,0,18917,101,40,61,22,101,62,50,0
50072,0,3225,7,1,6,0,7,1,6,1
50069,1,7326,27,12,15,0,27,12,17,1
50031,0,2466,8,0,8,0,8,0,8,1
50033,0,23869,83,41,42,1,83,42,50,0
50054,1,62368,51,43,8,0,51,43,37,1
50063,1,15659,84,30,54,11,84,41,50,0
50053,0,3520,9,2,7,2,9,4,5,1
50036,0,2961,6,0,6,0,6,0,6,1
50040,0,1994,9,0,9,0,9,0,9,1
50008,1,17655,48,13,35,12,48,25,28,1
50032,0,5953,14,0,14,1,14,1,14,1
50007,1,3211,8,0,8,0,8,0,8,1
50093,0,5644,20,5,15,3,20,8,13,1
50034,0,9975,71,5,66,36,71,41,37,1
50074,0,5759,33,4,29,6,33,10,23,1
50066,0,27916,47,2,45,4,47,6,50,0
50048,1,32453,137,5,132,100,137,105,50,0
50078,0,5133,41,11,30,1,41,12,30,1
50075,0,4781,15,5,10,1,15,6,10,1
50085,0,1526,8,1,7,2,8,3,5,1
50083,0,3505,11,1,10,1,11,2,9,1
50099,0,13131,119,30,89,48,119,78,50,0
50089,1,28594,14,4,10,3,14,7,19,1
5000,0,4025,11,0,11,2,11,2,9,1
50081,0,1761,8,0,8,2,8,2,6,1
50087,0,2899,16,0,16,8,16,8,8,1
50057,0,2738,23,5,18,8,23,13,12,1
50076,1,20399,81,40,41,1,81,41,47,1
50054,0,12555,10,4,6,1,10,5,10,1
50042,1,2304,13,3,10,1,13,4,9,1
50061,1,15459,43,10,33,4,43,14,32,1
50017,0,4017,8,0,8,2,8,2,6,1
50001,0,20017,64,20,44,6,64,26,43,1
50051,0,4106,16,2,14,0,16,2,14,1
50096,0,4360,12,4,8,1,12,5,8,1
50018,0,2736,16,1,15,5,16,6,10,1
50050,0,25640,99,29,70,26,99,55,50,0
50029,1,16043,71,22,49,4,71,26,50,0
50010,0,6342,16,3,13,3,16,6,10,1
50092,0,24154,72,23,49,3,72,26,50,0
50016,1,6822,29,2,27,5,29,7,23,1
50011,1,4051,17,3,14,0,17,3,14,1
50067,1,8807,69,22,47,29,69,51,27,1
50053,1,4946,14,1,13,4,14,5,10,1
50039,0,7794,63,22,41,23,63,45,23,1
50009,0,9269,21,4,17,4,21,8,15,1
50073,1,15049,45,19,26,1,45,20,28,1
50028,0,12452,206,193,13,0,206,193,50,0
50060,0,6145,30,5,25,6,30,11,20,1
50092,1,23144,75,24,51,5,75,29,50,0
50094,1,3027,11,2,9,1,11,3,8,1
50088,0,6089,17,2,15,4,17,6,11,1
50086,0,29516,69,19,50,5,69,24,50,0
50073,0,17423,97,47,50,6,97,53,50,0
50041,1,3529,13,0,13,1,13,1,12,1
50037,1,5997,25,8,17,5,25,13,13,1
50074,1,12214,47,17,30,2,47,19,30,1
50051,1,5653,19,3,16,2,19,5,14,1
50055,1,3734,19,5,14,2,19,7,13,1
5003,1,8115,30,1,29,14,30,15,18,1
50005,0,14084,97,52,45,7,97,59,47,1
50056,0,14508,228,215,13,6,228,221,50,0
50012,0,1426,7,0,7,1,7,1,6,1
50043,1,3718,10,0,10,2,10,2,8,1
50045,1,12424,67,15,52,19,67,34,38,1
50035,0,4121,39,20,19,2,39,22,19,1
50060,1,19226,90,34,56,16,90,50,50,0
50085,1,945,5,0,5,0,5,0,5,1
50015,0,4771,24,5,19,6,24,11,14,1
50052,1,1413,6,0,6,0,6,0,6,1
50064,1,4541,23,1,22,5,23,6,18,1
50022,1,2499,15,6,9,1,15,7,8,1
50022,0,8512,56,20,36,15,56,35,26,1
50054,2,10747,14,9,5,0,14,9,9,1
50087,1,5527,22,1,21,12,22,13,10,1
50028,1,6913,95,76,19,5,95,81,28,1
50088,1,15590,60,14,46,14,60,28,37,1
50029,0,6392,40,15,25,0,40,15,27,1
50097,0,12059,47,9,38,14,47,23,29,1
50015,2,2130,12,0,12,2,12,2,10,1
50018,1,5433,18,4,14,2,18,6,13,1
50095,0,7031,64,37,27,9,64,46,25,1
50058,1,10411,30,10,20,8,30,18,15,1
5000,1,10329,31,2,29,13,31,15,18,1
50038,1,3151,14,3,11,0,14,3,11,1
50023,0,1927,10,1,9,0,10,1,9,1
50098,1,7884,18,0,18,0,18,0,18,1
50012,2,2118,11,2,9,3,11,5,6,1
50023,1,2444,23,11,12,0,23,11,14,1
50008,0,9021,25,11,14,3,25,14,13,1
50057,2,1120,6,0,6,0,6,0,6,1
50026,0,12981,49,8,41,4,49,12,38,1
50021,2,3125,10,0,10,2,10,2,8,1
50097,1,2286,19,6,13,1,19,7,13,1
50065,0,26800,166,24,142,117,166,141,50,0
50049,0,10809,21,1,20,9,21,10,13,1
50037,0,12578,25,6,19,1,25,7,20,1
50007,2,8660,33,5,28,7,33,12,23,1
50096,1,7049,25,9,16,3,25,12,14,1
50046,1,18386,64,16,48,8,64,24,45,1
50019,1,7361,32,0,32,6,32,6,27,1
50008,2,8928,21,10,11,1,21,11,12,1
50004,1,14088,104,53,51,11,104,64,50,0
50090,1,5403,24,9,15,3,24,12,13,1
50069,2,4201,17,6,11,1,17,7,11,1
50079,1,5814,12,0,12,1,12,1,11,1
50003,2,10955,30,12,18,0,30,12,21,1
50056,1,13474,237,227,10,6,237,233,50,0
50035,1,4470,15,1,14,3,15,4,12,1
50011,2,21088,74,17,57,14,74,31,50,0
50082,1,1975,7,0,7,0,7,0,7,1
50068,0,14516,127,68,59,22,127,90,50,0
50006,2,2681,10,0,10,4,10,4,6,1
50063,0,15752,108,44,64,26,108,70,50,0
50064,0,17481,80,11,69,27,80,38,50,0
50016,2,7792,24,1,23,1,24,2,23,1
50068,1,20030,91,30,61,19,91,49,50,0
50047,0,8344,43,13,30,10,43,23,24,1
50067,2,12065,76,20,56,34,76,54,30,1
50026,1,17010,62,7,55,7,62,14,50,0
50030,1,5639,17,4,13,1,17,5,12,1
50083,2,9416,31,8,23,5,31,13,21,1
50050,1,26298,93,29,64,22,93,51,50,0
50061,2,21031,75,19,56,13,75,32,50,0
50010,1,17642,78,24,54,15,78,39,45,1
50045,2,11205,18,0,18,0,18,0,19,1
50094,2,4325,14,4,10,2,14,6,8,1
50002,1,10126,12,0,12,3,12,3,10,1
50046,0,13968,38,1,37,11,38,12,28,1
50020,0,14429,39,6,33,9,39,15,28,1
50062,2,3454,16,0,16,0,16,0,16,1
50007,0,3634,9,0,9,1,9,1,8,1
50065,1,31503,163,33,130,106,163,139,50,0
50077,1,5443,42,31,11,1,42,32,15,1
50038,2,2273,12,1,11,0,12,1,11,1
50013,1,9630,36,11,25,3,36,14,25,1
50048,0,27875,116,24,92,56,116,80,50,0
50027,2,11168,20,1,19,0,20,1,22,1
50060,2,23551,78,26,52,9,78,35,50,0
50046,2,9735,29,0,29,10,29,10,21,1
50052,2,1761,10,0,10,4,10,4,6,1
50059,1,12199,31,6,25,6,31,12,21,1
50055,2,2231,21,6,15,4,21,10,12,1
50023,2,2901,10,1,9,0,10,1,9,1
50095,1,2104,21,15,6,1,21,16,7,1
50020,1,3965,7,0,7,0,7,0,7,1
50062,1,3304,22,2,20,4,22,6,16,1
50080,2,2103,15,8,7,0,15,8,8,1
50001,1,28728,74,29,45,3,74,32,50,0
50093,1,4288,13,0,13,5,13,5,8,1
50032,2,2251,12,1,11,1,12,2,10,1
50043,2,5888,18,6,12,0,18,6,13,1
50072,2,2579,10,0,10,4,10,4,6,1
50042,0,2767,11,0,11,2,11,2,9,1
50024,1,5518,20,1,19,0,20,1,19,1
50090,2,1611,7,0,7,0,7,0,7,1
50040,2,10501,27,11,16,2,27,13,17,1
50020,2,8279,20,5,15,3,20,8,13,1
50010,2,8958,28,10,18,1,28,11,18,1
50025,1,4985,18,1,17,6,18,7,12,1
50041,2,5833,30,1,29,10,30,11,20,1
50047,1,10307,22,4,18,2,22,6,19,1
5003,2,5565,20,7,13,5,20,12,9,1
50047,2,8158,30,13,17,0,30,13,20,1
50049,1,1753,10,2,8,2,10,4,6,1
50019,2,4924,23,5,18,0,23,5,19,1
50097,2,1769,7,0,7,0,7,0,7,1
5001,2,1338,9,2,7,0,9,2,7,1
50076,2,17287,108,54,54,13,108,67,50,0
50070,2,1316,10,0,10,2,10,2,8,1
50080,1,4261,23,12,11,3,23,15,10,1
50062,0,9973,48,9,39,6,48,15,35,1
50011,0,3809,19,0,19,5,19,5,14,1
50000,1,2290,15,7,8,0,15,7,8,1
50091,1,2479,14,4,10,0,14,4,10,1
50099,1,4001,25,1,24,10,25,11,15,1
50031,2,11411,38,16,22,8,38,24,18,1
50079,2,4632,11,0,11,0,11,0,11,1
50075,1,1661,8,0,8,2,8,2,6,1
50038,0,9805,61,16,45,17,61,33,34,1
50077,2,6259,29,17,12,1,29,18,14,1
50013,2,9034,39,10,29,4,39,14,26,1
50017,1,2692,7,0,7,1,7,1,6,1
50035,2,6195,39,14,25,6,39,20,22,1
50044,2,8272,32,8,24,7,32,15,20,1
50005,2,7007,52,33,19,1,52,34,24,1
50078,2,6496,40,12,28,2,40,14,28,1
50084,1,18130,40,8,32,14,40,22,22,1
50001,3,2850,16,4,12,0,16,4,12,1
50032,1,10777,52,13,39,13,52,26,30,1
5003,3,5638,17,2,15,5,17,7,11,1
50081,2,959,6,0,6,0,6,0,6,1
50098,2,23999,74,22,52,10,74,32,50,0
50009,3,3310,8,0,8,0,8,0,8,1
50049,2,13034,54,14,40,16,54,30,30,1
50027,3,2174,12,0,12,4,12,4,8,1
50089,2,51113,71,23,48,22,71,45,48,1
50041,3,7804,25,5,20,0,25,5,21,1
50024,2,18109,63,10,53,8,63,18,50,0
50052,3,3211,6,0,6,0,6,0,6,1
50004,2,5557,34,11,23,7,34,18,17,1
5001,1,1724,18,5,13,4,18,9,10,1
50033,2,27006,93,41,52,10,93,51,50,0
50099,2,7823,61,13,48,24,61,37,28,1
50066,2,16867,26,0,26,1,26,1,28,1
50082,2,6069,65,53,12,0,65,53,22,1
50091,2,2256,13,1,12,2,13,3,10,1
50000,2,13468,81,40,41,7,81,47,42,1
50017,2,2782,6,0,6,0,6,0,6,1
50071,2,19205,92,42,50,7,92,49,50,0
50086,2,26461,62,10,52,10,62,20,47,1
50072,3,5123,17,8,9,0,17,8,10,1
50063,3,3128,18,1,17,2,18,3,15,1
50059,2,6104,13,1,12,1,13,2,11,1
50084,2,6563,15,3,12,1,15,4,12,1
50036,2,4865,16,0,16,7,16,7,10,1
50058,2,2267,11,1,10,3,11,4,7,1
50025,2,13968,56,10,46,22,56,32,27,1
50043,3,19309,57,18,39,9,57,27,35,1
50034,1,11901,64,3,61,30,64,33,35,1
50007,3,2830,11,0,11,3,11,3,8,1
50014,2,12501,103,57,46,6,103,63,50,0
50078,3,8216,45,12,33,0,45,12,35,1
50070,3,4188,27,10,17,2,27,12,17,1
50025,3,3635,10,1,9,1,10,2,8,1
50030,2,23335,79,20,59,14,79,34,50,0
50034,2,3968,21,0,21,6,21,6,16,1
50081,3,3008,7,0,7,1,7,1,6,1
50044,3,2295,11,0,11,4,11,4,7,1
50055,3,16742,81,19,62,20,81,39,49,1
50088,2,4761,24,3,21,7,24,10,15,1
50053,2,7460,19,6,13,4,19,10,10,1
50071,1,22908,92,44,48,6,92,50,50,0
50084,3,9917,12,1,11,0,12,1,13,1
50002,2,51409,78,30,48,12,78,42,50,0
50056,3,12477,243,236,7,4,243,240,50,0
50030,3,5135,24,3,21,6,24,9,16,1
50050,2,7211,31,6,25,11,31,17,16,1
50001,2,20647,85,41,44,1,85,42,50,0
50066,3,7462,19,6,13,0,19,6,13,1
50053,3,3662,6,1,5,0,6,1,5,1
50056,2,13585,205,189,16,5,205,194,50,0
50069,3,26265,114,67,47,10,114,77,50,0
50075,2,14036,51,16,35,10,51,26,32,1
50017,3,4522,16,5,11,3,16,8,9,1
50009,2,3613,13,0,13,5,13,5,8,1
50093,2,4886,18,5,13,1,18,6,13,1
50031,3,8825,36,18,18,4,36,22,18,1
50006,3,2372,8,1,7,1,8,2,6,1
50048,2,2723,12,0,12,1,12,1,11,1
50005,3,9963,54,26,28,7,54,33,25,1
50054,3,16351,19,14,5,0,19,14,12,1
5000,2,12835,43,22,21,2,43,24,23,1
50095,2,3814,20,9,11,3,20,12,10,1
50008,3,2918,5,0,5,0,5,0,5,1
50033,3,26747,90,35,55,10,90,45,50,1
50014,1,15348,101,50,51,8,101,58,50,0
50073,2,21542,84,28,56,11,84,39,50,0
50092,3,18435,62,9,53,4,62,13,50,1
50092,2,32634,70,24,46,2,70,26,50,0
50085,2,2674,16,5,11,4,16,9,8,1
50075,3,1366,11,1,10,4,11,5,6,1
50039,2,11298,171,58,113,85,171,143,50,0
50071,3,17252,101,53,48,6,101,59,50,0
50063,2,5488,19,2,17,2,19,4,15,1
50060,3,13422,61,25,36,4,61,29,36,1
50051,2,5980,38,16,22,3,38,19,21,1
50036,3,4701,11,1,10,3,11,4,8,1
50045,3,5480,11,0,11,0,11,0,11,1
50028,2,10855,152,129,23,3,152,132,44,1
50042,2,3917,22,2,20,6,22,8,15,1
50016,3,17194,72,16,56,12,72,28,50,0
50076,3,20326,75,29,46,8,75,37,45,1
50096,2,6971,26,12,14,3,26,15,13,1
50040,3,6445,28,8,20,2,28,10,20,1
50088,3,6879,42,4,38,15,42,19,25,1
50064,2,3478,13,0,13,0,13,0,13,1
50093,3,2688,9,0,9,1,9,1,8,1
50026,2,15265,65,9,56,13,65,22,47,1
50086,3,21987,85,26,59,12,85,38,50,0
50042,4,1927,9,0,9,0,9,0,9,1
50074,2,17884,88,26,62,19,88,45,50,0
50057,3,1449,6,0,6,0,6,0,6,1
50081,4,2634,7,0,7,1,7,1,6,1
50085,3,1109,5,0,5,0,5,0,5,1
50029,2,3929,23,7,16,0,23,7,17,1
50051,3,6009,25,3,22,6,25,9,17,1
50083,3,2469,20,4,16,5,20,9,12,1
50028,3,14723,177,158,19,0,177,158,50,0
50073,3,4981,20,4,16,2,20,6,14,1
50098,3,4071,29,7,22,4,29,11,18,1
50003,3,2800,9,0,9,1,9,1,8,1
50087,2,6399,14,4,10,0,14,4,11,1
50074,3,25554,84,21,63,19,84,40,50,0
50037,2,4113,14,4,10,0,14,4,10,1
50012,3,3950,18,7,11,1,18,8,11,1
50022,3,1921,13,4,9,1,13,5,8,1
50082,3,7448,37,21,16,1,37,22,19,1
50060,4,4603,15,0,15,1,15,1,14,1
50089,3,17024,14,7,7,0,14,7,14,1
50018,2,12214,44,5,39,11,44,16,32,1
50039,4,3356,46,8,38,27,46,35,17,1
50029,3,4044,22,5,17,1,22,6,17,1
50036,4,2379,6,0,6,0,6,0,6,1
50023,3,1860,9,0,9,0,9,0,9,1
50014,3,10059,51,16,35,7,51,23,31,1
50021,3,1932,11,0,11,3,11,3,8,1
50011,4,8809,24,0,24,1,24,1,24,1
50077,3,8137,70,42,28,10,70,52,25,1
50058,3,3181,12,2,10,3,12,5,7,1
50040,4,2230,19,2,17,8,19,10,9,1
50087,3,5329,15,5,10,0,15,5,11,1
50063,4,8120,35,1,34,12,35,13,24,1
50064,3,5315,24,5,19,2,24,7,18,1
50083,4,1977,11,2,9,0,11,2,9,1
50015,4,3972,13,1,12,2,13,3,10,1
50066,4,27034,57,7,50,8,57,15,47,1
50005,4,4317,36,20,16,1,36,21,18,1
50057,4,3089,8,0,8,1,8,1,8,1
50022,2,7065,80,33,47,28,80,61,28,1
50094,4,4475,14,3,11,3,14,6,8,1
50007,4,3974,11,0,11,3,11,3,8,1
50090,3,6015,21,0,21,7,21,7,16,1
50050,3,6219,17,2,15,2,17,4,13,1
50010,3,3658,14,4,10,0,14,4,10,1
50068,2,17703,71,26,45,8,71,34,43,1
50037,3,6317,26,7,19,5,26,12,15,1
50076,4,3671,23,10,13,1,23,11,13,1
50068,3,14881,88,43,45,7,88,50,46,1
50089,4,9462,17,7,10,2,17,9,11,1
50095,3,955,5,0,5,0,5,0,5,1
50087,4,4569,11,1,10,2,11,3,8,1
50037,4,11650,36,8,28,4,36,12,27,1
50026,3,24081,63,16,47,2,63,18,49,1
50065,2,33690,183,19,164,142,183,161,50,0
50043,4,3950,12,3,9,1,12,4,8,1
50054,4,16746,24,14,10,3,24,17,14,1
50018,3,8798,62,20,42,13,62,33,33,1
50062,3,3168,16,0,16,0,16,0,16,1
50048,3,40689,161,10,151,124,161,134,50,0
50038,3,7673,35,15,20,0,35,15,23,1
50044,4,3184,7,0,7,0,7,0,7,1
50008,4,11000,24,5,19,5,24,10,17,1
50086,4,28726,67,21,46,2,67,23,50,0
50016,4,5520,22,0,22,4,22,4,18,1
50097,3,1292,10,3,7,0,10,3,7,1
50064,4,9144,53,15,38,6,53,21,36,1
50080,3,1152,7,2,5,0,7,2,5,1
50034,3,12192,115,11,104,67,115,78,50,0
50003,4,12510,42,12,30,13,42,25,22,1
50012,4,1934,6,0,6,0,6,0,6,1
50067,3,17849,170,29,141,116,170,145,50,0
50042,3,3764,16,5,11,1,16,6,11,1
50098,4,17295,85,29,56,13,85,42,50,0
50019,3,3143,17,1,16,2,17,3,14,1
50022,4,3562,29,9,20,8,29,17,14,1
50079,3,3345,11,0,11,0,11,0,11,1
50021,4,2143,9,1,8,0,9,1,8,1
50047,3,7549,38,10,28,9,38,19,22,1
5000,3,4844,14,0,14,5,14,5,9,1
50061,4,22841,73,19,54,10,73,29,50,0
50004,3,15685,86,44,42,0,86,44,50,1
50065,3,36528,222,19,203,192,222,211,50,0
50011,3,5381,14,0,14,0,14,0,14,1
50095,4,1880,27,19,8,1,27,20,9,1
50096,4,5091,13,6,7,0,13,6,7,1
50046,4,13939,38,5,33,12,38,17,24,1
50068,4,17932,99,50,49,7,99,57,50,0
50045,4,10562,27,5,22,3,27,8,21,1
50027,4,6434,21,5,16,2,21,7,15,1
50096,3,3004,9,2,7,0,9,2,7,1
50023,4,2189,16,0,16,5,16,5,12,1
5003,4,2557,7,0,7,1,7,1,6,1
50039,3,9132,222,74,148,136,222,210,50,0
50094,3,2532,9,0,9,1,9,1,8,1
50020,3,3477,9,2,7,0,9,2,7,1
50049,3,11714,49,16,33,11,49,27,27,1
50038,4,5863,23,5,18,4,23,9,16,1
50035,4,1867,10,0,10,1,10,1,9,1
50018,4,2840,23,7,16,1,23,8,16,1
50024,3,14547,70,19,51,7,70,26,48,1
50072,4,3677,8,0,8,2,8,2,6,1
50001,4,6648,36,16,20,2,36,18,21,1
50026,4,18467,67,15,52,5,67,20,50,0
50052,4,1526,11,0,11,5,11,5,6,1
50035,3,2014,13,2,11,2,13,4,9,1
50041,4,12711,40,12,28,0,40,12,30,1
50046,3,24371,72,21,51,11,72,32,45,1
50069,4,10837,35,17,18,4,35,21,18,1
50091,3,2554,13,1,12,2,13,3,10,1
50097,4,1257,10,2,8,1,10,3,7,1
50002,4,4229,10,0,10,3,10,3,7,1
50078,4,3806,23,4,19,1,23,5,18,1
50013,4,6138,21,5,16,0,21,5,17,1
50000,3,8615,42,9,33,13,42,22,24,1
50015,3,5122,22,4,18,2,22,6,17,1
50006,4,2610,6,0,6,0,6,0,6,1
50010,4,20349,79,28,51,8,79,36,50,0
50049,4,6169,28,11,17,2,28,13,17,1
50019,4,5112,30,5,25,2,30,7,24,1
50090,4,9045,30,12,18,1,30,13,19,1
50047,4,5025,34,13,21,3,34,16,21,1
50067,4,11470,116,10,106,87,116,97,35,1
50079,4,3914,13,1,12,1,13,2,11,1
50059,4,19364,85,30,55,12,85,42,50,0
50013,3,4828,28,9,19,1,28,10,19,1
50009,4,10264,24,0,24,6,24,6,20,1
50055,4,1914,9,0,9,0,9,0,9,1
50070,4,9584,27,0,27,11,27,11,19,1
50065,4,28807,140,9,131,101,140,110,50,0
50056,4,16192,227,216,11,6,227,222,50,0
50059,3,17809,67,21,46,11,67,32,40,1
50025,4,10435,29,7,22,6,29,13,18,1
50024,4,6065,31,1,30,5,31,6,26,1
50091,4,8073,27,6,21,2,27,8,20,1
50031,4,3497,15,6,9,0,15,6,10,1
50020,4,3651,10,3,7,0,10,3,7,1
50028,4,11956,180,151,29,10,180,161,50,0
50032,3,2646,13,0,13,3,13,3,10,1
50002,3,32562,56,23,33,6,56,29,36,1
50062,4,16179,68,10,58,12,68,22,50,0
50033,4,21492,81,32,49,7,81,39,50,0
50077,4,8387,43,26,17,5,43,31,16,1
50082,4,3726,52,38,14,1,52,39,19,1
50000,4,5868,44,7,37,18,44,25,22,1
50061,3,22671,55,11,44,0,55,11,49,1
50093,4,10704,47,9,38,17,47,26,25,1
5001,3,1507,11,4,7,0,11,4,7,1
50030,4,13196,53,5,48,14,53,19,37,1
50048,4,10612,46,2,44,29,46,31,19,1
50029,4,7775,34,12,22,2,34,14,21,1
50075,4,5917,15,5,10,2,15,7,9,1
50085,4,3809,15,5,10,1,15,6,10,1
50080,4,2551,23,5,18,8,23,13,12,1
50092,4,10700,46,1,45,3,46,4,42,1
50099,3,17216,96,9,87,42,96,51,50,0
50032,4,12473,79,15,64,24,79,39,46,1
50051,4,3330,17,2,15,1,17,3,14,1
50074,4,9050,26,1,25,2,26,3,23,1
5001,4,2741,9,0,9,2,9,2,7,1
50084,4,26438,65,9,56,23,65,32,40,1
50058,4,11739,49,6,43,20,49,26,27,1
50053,4,2424,9,0,9,4,9,4,5,1
50014,4,4176,30,14,16,0,30,14,18,1
50099,4,8898,78,15,63,26,78,41,40,1
50004,4,12612,92,42,50,8,92,50,50,0
50017,4,3071,7,1,6,0,7,1,6,1
50034,4,19490,111,27,84,47,111,74,50,0
5000,4,5024,9,0,9,0,9,0,9,1
50071,4,16966,83,38,45,2,83,40,50,0
50050,4,16477,63,8,55,15,63,23,43,1
50073,4,21200,76,26,50,5,76,31,50,0
50088,4,22332,85,15,70,28,85,43,50,0
60023,1,5815,14,2,12,1,14,3,12,1
60010,0,4503,12,1,11,0,12,1,11,1
60015,1,4645,16,5,11,0,16,5,12,1
60041,0,3978,19,5,14,4,19,9,11,1
60099,1,8243,18,4,14,1,18,5,15,1
60057,0,7818,24,4,20,5,24,9,17,1
60048,0,10810,26,8,18,2,26,10,17,1
60021,0,13892,30,11,19,4,30,15,19,1
60092,0,15332,22,1,21,5,22,6,18,1
60086,1,11137,27,7,20,6,27,13,17,1
60030,0,20299,24,0,24,2,24,2,25,1
60073,1,28908,23,0,23,1,23,1,32,1
60097,0,37357,28,11,17,1,28,12,31,1
60032,0,10577,32,9,23,1,32,10,24,1
60012,0,12266,35,3,32,10,35,13,25,1
60065,0,5967,38,11,27,8,38,19,21,1
60075,0,9487,12,0,12,3,12,3,11,1
60053,1,4977,9,0,9,2,9,2,7,1
60059,1,14099,34,2,32,5,34,7,29,1
60072,0,12055,46,10,36,6,46,16,33,1
60022,0,18844,38,5,33,1,38,6,36,1
60099,0,4281,16,5,11,0,16,5,12,1
60087,1,4451,16,4,12,0,16,4,13,1
60015,0,5107,23,11,12,0,23,11,14,1
60084,0,17604,48,3,45,9,48,12,39,1
60007,1,12442,47,7,40,4,47,11,37,1
60028,1,18248,46,22,24,1,46,23,28,1
60025,0,5663,20,0,20,3,20,3,18,1
60063,0,16723,69,15,54,7,69,22,50,0
60069,0,63405,52,14,38,5,52,19,50,0
60034,0,23401,60,23,37,0,60,23,42,1
60076,0,30173,76,38,38,0,76,38,50,0
60081,0,2765,20,8,12,2,20,10,10,1
60023,0,7796,10,0,10,0,10,0,10,1
60044,1,30137,74,15,59,16,74,31,50,0
60082,0,16102,43,10,33,2,43,12,33,1
60047,0,46943,76,32,44,9,76,41,50,0
60062,1,20881,66,13,53,16,66,29,41,1
60027,1,10414,30,6,24,2,30,8,24,1
60081,1,11799,101,52,49,8,101,60,50,0
60064,0,3809,13,3,10,0,13,3,10,1
60046,0,21508,82,30,52,8,82,38,50,0
60073,0,32575,50,14,36,0,50,14,46,1
60044,0,26685,63,13,50,5,63,18,50,0
60031,0,11674,41,7,34,17,41,24,21,1
60060,1,12725,38,6,32,15,38,21,20,1
60059,0,5565,23,1,22,6,23,7,17,1
60086,0,8234,23,5,18,3,23,8,17,1
60062,0,16160,42,13,29,1,42,14,31,1
60087,0,2346,9,0,9,0,9,0,9,1
60056,1,44784,74,21,53,20,74,41,50,0
60091,0,2503,9,0,9,0,9,0,9,1
60014,1,8255,43,6,37,11,43,17,28,1
60026,0,6901,21,3,18,2,21,5,16,1
60033,0,8085,12,2,10,2,12,4,10,1
60005,0,14426,68,17,51,6,68,23,50,0
60013,0,27418,68,18,50,8,68,26,50,0
60071,0,24128,61,14,47,2,61,16,50,0
60031,1,24678,108,40,68,31,108,71,50,0
60027,0,4610,19,5,14,2,19,7,12,1
60093,1,1840,10,0,10,0,10,0,10,1
60098,1,6807,41,11,30,6,41,17,27,1
60006,0,39744,67,19,48,9,67,28,50,0
60067,1,12376,55,8,47,18,55,26,34,1
60090,0,32440,71,6,65,23,71,29,50,0
60035,0,6403,14,1,13,1,14,2,13,1
60056,0,41554,56,15,41,7,56,22,50,0
60094,1,3804,23,4,19,2,23,6,17,1
60008,0,6061,19,5,14,4,19,9,11,1
60008,1,9641,36,10,26,12,36,22,17,1
60096,0,12621,40,8,32,8,40,16,26,1
60078,0,5461,17,0,17,7,17,7,11,1
60052,0,8526,26,0,26,9,26,9,18,1
60028,0,21712,57,23,34,8,57,31,32,1
60098,0,8880,50,10,40,11,50,21,33,1
60091,1,10717,21,5,16,1,21,6,17,1
60053,0,19916,33,8,25,9,33,17,19,1
60055,0,885,10,1,9,2,10,3,7,1
60089,0,16672,77,11,66,22,77,33,50,0
60080,1,7488,26,5,21,1,26,6,21,1
60085,1,14894,59,14,45,9,59,23,40,1
60083,0,30972,81,28,53,11,81,39,50,0
60085,0,17354,72,16,56,11,72,27,50,0
60038,1,37742,61,39,22,9,61,48,28,1
60007,0,16412,62,3,59,13,62,16,50,0
60037,0,3145,14,2,12,5,14,7,7,1
60060,0,2595,7,1,6,0,7,1,6,1
60052,1,4283,9,0,9,0,9,0,9,1
60016,0,10501,33,3,30,11,33,14,21,1
60068,1,19510,83,37,46,2,83,39,50,0
60045,0,1689,10,0,10,1,10,1,9,1
60058,0,21629,51,14,37,9,51,23,33,1
60051,0,4097,9,0,9,0,9,0,9,1
60051,1,4781,11,0,11,0,11,0,12,1
60024,0,10079,30,5,25,7,30,12,20,1
60037,1,2898,7,0,7,0,7,0,7,1
60079,0,16563,39,6,33,9,39,15,27,1
60067,0,14774,65,17,48,20,65,37,33,1
60029,1,17818,88,13,75,34,88,47,50,0
60074,0,22241,45,0,45,1,45,1,50,0
60077,1,3204,9,1,8,2,9,3,6,1
60074,1,20871,49,5,44,0,49,5,50,0
60004,0,4558,28,11,17,1,28,12,17,1
60070,1,5930,12,1,11,4,12,5,7,1
60019,0,10403,26,0,26,10,26,10,18,1
60064,1,6992,21,7,14,0,21,7,15,1
60061,0,15921,71,18,53,8,71,26,50,0
60014,0,5026,22,6,16,2,22,8,15,1
60050,1,29985,65,12,53,12,65,24,50,0
60057,1,1836,10,3,7,0,10,3,7,1
60001,0,17552,83,25,58,13,83,38,50,0
60025,1,3078,24,4,20,6,24,10,15,1
60068,0,20215,87,30,57,13,87,43,50,0
60020,0,11939,32,1,31,9,32,10,24,1
60096,1,3899,11,0,11,0,11,0,11,1
60049,0,32855,70,17,53,12,70,29,47,1
60010,1,4802,19,2,17,6,19,8,11,1
60030,1,20241,41,16,25,2,41,18,28,1
60029,0,11338,59,12,47,22,59,34,30,1
60077,0,1510,9,2,7,1,9,3,6,1
60094,0,14781,92,43,49,6,92,49,50,0
60070,0,19296,40,7,33,15,40,22,23,1
60047,1,13719,35,21,14,0,35,21,17,1
60009,1,25920,117,70,47,9,117,79,50,0
60075,1,3835,12,4,8,1,12,5,7,1
60013,1,4492,17,3,14,2,17,5,12,1
60002,1,30552,107,57,50,11,107,68,50,0
60093,0,12864,36,3,33,11,36,14,24,1
60080,0,30714,78,25,53,12,78,37,50,0
60084,1,12266,38,8,30,6,38,14,26,1
60009,0,15161,65,29,36,6,65,35,34,1
60036,0,22129,68,8,60,28,68,36,39,1
60034,1,20264,66,11,55,9,66,20,50,0
60000,0,20445,49,14,35,4,49,18,35,1
60065,1,6181,13,3,10,0,13,3,11,1
60022,1,4676,16,1,15,1,16,2,14,1
60011,0,11535,45,15,30,3,45,18,30,1
60054,0,13360,68,9,59,14,68,23,47,1
60095,1,13427,93,38,55,13,93,51,50,0
60033,1,14417,32,5,27,13,32,18,16,1
60090,1,28814,72,26,46,7,72,33,50,0
60053,2,11578,11,0,11,1,11,1,13,1
60039,0,10827,42,7,35,14,42,21,24,1
60082,1,13619,41,16,25,1,41,17,26,1
60005,1,17218,71,21,50,5,71,26,50,0
60040,0,20800,91,32,59,17,91,49,50,0
60071,1,7557,29,1,28,3,29,4,25,1
60089,1,12461,59,13,46,4,59,17,45,1
60017,1,17778,71,18,53,7,71,25,50,0
60088,0,55359,58,12,46,10,58,22,50,0
60060,2,7310,9,0,9,0,9,0,10,1
60038,0,71281,106,61,45,20,106,81,50,0
60079,1,36780,57,15,42,2,57,17,50,0
60058,1,7476,15,1,14,0,15,1,14,1
60066,0,31818,79,29,50,16,79,45,40,1
60026,1,5473,17,0,17,1,17,1,16,1
60049,1,10112,21,6,15,0,21,6,16,1
60087,2,2261,9,0,9,0,9,0,9,1
60085,2,9215,47,15,32,1,47,16,34,1
60014,2,11547,41,13,28,6,41,19,26,1
60078,1,26480,52,23,29,9,52,32,26,1
60006,1,33475,60,1,59,18,60,19,50,0
60091,2,3887,9,0,9,0,9,0,9,1
60055,1,2167,7,0,7,0,7,0,7,1
60027,2,6397,33,9,24,2,33,11,23,1
60051,2,2364,9,0,9,0,9,0,9,1
60017,0,17630,81,19,62,17,81,36,50,0
60067,2,2660,12,1,11,3,12,4,8,1
60093,2,2755,13,0,13,3,13,3,10,1
60016,1,2536,7,0,7,0,7,0,7,1
60002,0,25041,94,49,45,3,94,52,50,0
60035,1,9706,21,5,16,0,21,5,17,1
60050,0,31216,63,7,56,15,63,22,50,0
60098,2,10293,41,6,35,9,41,15,31,1
60052,2,7236,9,0,9,0,9,0,9,1
60003,0,27190,62,15,47,4,62,19,50,0
60095,0,16080,89,40,49,8,89,48,50,0
60019,1,6658,13,1,12,2,13,3,11,1
60083,1,36569,82,27,55,13,82,40,50,0
60062,2,30744,72,21,51,6,72,27,50,0
60070,2,3894,14,3,11,4,14,7,7,1
60092,1,17784,43,8,35,9,43,17,29,1
60037,2,4856,7,0,7,0,7,0,7,1
60018,0,8112,37,10,27,6,37,16,24,1
60036,1,13330,38,5,33,13,38,18,23,1
60056,2,35194,84,27,57,18,84,45,50,0
60024,1,2229,14,0,14,5,14,5,9,1
60028,2,22674,74,32,42,8,74,40,40,1
60076,1,26348,95,56,39,1,95,57,50,0
60020,1,4424,18,4,14,3,18,7,11,1
60045,1,1652,9,0,9,0,9,0,9,1
60004,1,14602,67,27,40,7,67,34,39,1
60042,0,19115,72,16,56,14,72,30,46,1
60001,1,16897,77,9,68,22,77,31,50,0
60069,1,65749,59,16,43,9,59,25,50,0
60078,2,5982,17,0,17,7,17,7,11,1
60061,1,16599,70,14,56,10,70,24,49,1
60096,2,10526,25,0,25,6,25,6,20,1
60049,2,12537,30,7,23,3,30,10,22,1
60094,2,4895,21,2,19,2,21,4,17,1
60055,2,1555,8,1,7,0,8,1,7,1
60089,2,8413,37,1,36,11,37,12,26,1
60003,1,7763,20,0,20,1,20,1,19,1
60016,2,6382,25,11,14,4,25,15,12,1
60040,1,17713,87,43,44,2,87,45,50,0
60008,2,10216,32,5,27,12,32,17,17,1
60011,1,21343,83,36,47,2,83,38,50,0
60039,1,5767,20,1,19,7,20,8,14,1
60080,2,10595,44,12,32,5,44,17,29,1
60004,2,5835,11,0,11,0,11,0,11,1
60088,1,9402,21,6,15,3,21,9,13,1
60020,2,3674,14,0,14,3,14,3,11,1
60000,1,12452,28,10,18,0,28,10,21,1
60041,1,10101,41,16,25,3,41,19,24,1
60048,1,6533,19,5,14,3,19,8,12,1
60054,1,7538,38,4,34,7,38,11,28,1
60029,2,6750,48,13,35,14,48,27,25,1
60000,2,3821,10,0,10,1,10,1,9,1
60018,1,1761,9,0,9,0,9,0,9,1
60045,2,8890,44,15,29,5,44,20,27,1
60068,2,23559,73,21,52,10,73,31,50,0
60058,2,13410,47,15,32,2,47,17,32,1
60060,3,4592,12,5,7,0,12,5,8,1
60009,2,23417,89,44,45,6,89,50,46,1
60063,1,18098,64,15,49,2,64,17,50,0
60038,2,62810,119,66,53,25,119,91,50,0
60077,2,1955,6,0,6,0,6,0,6,1
60042,1,6172,29,12,17,0,29,12,18,1
60026,2,13254,55,11,44,7,55,18,40,1
60012,1,4720,31,5,26,11,31,16,17,1
60095,2,5330,32,2,30,11,32,13,21,1
60034,2,18571,66,12,54,7,66,19,50,0
60050,2,32094,77,26,51,9,77,35,50,0
60019,2,11881,43,14,29,6,43,20,27,1
60061,2,17342,80,25,55,10,80,35,50,0
60065,2,3615,10,1,9,0,10,1,9,1
60021,1,11067,15,2,13,0,15,2,15,1
60071,2,25319,72,18,54,8,72,26,50,0
60047,2,51719,84,43,41,7,84,50,50,0
60032,1,14931,51,14,37,6,51,20,34,1
60093,3,2327,10,0,10,0,10,0,10,1
60030,2,6754,17,6,11,1,17,7,11,1
60051,3,3172,17,5,12,0,17,5,13,1
60041,2,2082,13,0,13,4,13,4,9,1
60074,2,20549,45,1,44,0,45,1,50,0
60008,3,3066,6,0,6,0,6,0,6,1
60031,2,2529,11,0,11,3,11,3,8,1
60079,2,28476,85,43,42,4,85,47,50,0
60070,3,3456,7,0,7,0,7,0,7,1
60036,2,12709,40,11,29,10,40,21,24,1
60011,2,17244,74,18,56,10,74,28,50,1
60002,2,22215,86,35,51,7,86,42,50,0
60029,3,4476,11,0,11,2,11,2,9,1
60035,2,9090,26,3,23,7,26,10,17,1
60072,1,9409,45,10,35,5,45,15,32,1
60015,2,3491,9,0,9,0,9,0,9,1
60075,2,7592,8,0,8,0,8,0,9,1
60072,2,8518,43,12,31,0,43,12,33,1
60057,2,10546,32,7,25,7,32,14,21,1
60066,1,48532,117,70,47,12,117,82,50,0
60069,2,39625,45,3,42,4,45,7,47,1
60042,2,3926,14,0,14,2,14,2,12,1
60088,2,15956,32,6,26,5,32,11,23,1
60064,2,12668,41,10,31,8,41,18,26,1
60022,2,4655,15,0,15,1,15,1,14,1
60054,2,13391,76,22,54,9,76,31,50,0
60097,1,31385,48,14,34,3,48,17,41,1
60017,2,19170,79,15,64,18,79,33,50,0
60007,2,10505,50,11,39,8,50,19,32,1
60018,2,2359,11,0,11,2,11,2,9,1
60079,3,4880,11,0,11,0,11,0,11,1
60046,1,4303,18,0,18,4,18,4,14,1
60066,2,40110,95,43,52,13,95,56,50,0
60081,2,1604,17,5,12,2,17,7,10,1
60074,3,20515,49,5,44,0,49,5,50,0
60094,3,13714,96,35,61,18,96,53,50,0
60076,2,28112,81,41,40,1,81,42,50,0
60097,2,17664,19,5,14,0,19,5,19,1
60080,3,15680,55,17,38,4,55,21,39,1
60021,2,3845,12,1,11,0,12,1,11,1
60086,2,8896,28,13,15,0,28,13,17,1
60055,3,1103,8,0,8,1,8,1,7,1
60050,3,23947,56,9,47,6,56,15,47,1
60001,2,13664,63,18,45,9,63,27,40,1
60003,2,20935,66,15,51,6,66,21,50,0
60010,2,19499,55,15,40,9,55,24,36,1
60040,3,3818,25,7,18,1,25,8,18,1
60084,2,26417,77,4,73,28,77,32,50,0
60038,3,59309,118,76,42,18,118,94,47,1
60004,3,8090,27,12,15,0,27,12,18,1
60092,2,11904,23,5,18,0,23,5,20,1
60002,3,6452,21,4,17,3,21,7,14,1
60067,3,13596,58,16,42,14,58,30,34,1
60019,3,3645,7,0,7,0,7,0,7,1
60017,3,12728,75,19,56,11,75,30,50,0
60073,2,44602,46,1,45,10,46,11,50,0
60068,3,19480,72,21,51,7,72,28,50,0
60010,3,7132,23,0,23,8,23,8,16,1
60059,2,4702,29,5,24,8,29,13,17,1
60040,2,18234,99,40,59,17,99,57,50,0
60052,3,19587,55,15,40,13,55,28,31,1
60048,2,4388,11,1,10,1,11,2,9,1
60030,3,4658,10,0,10,3,10,3,7,1
60023,2,4084,12,1,11,1,12,2,10,1
60077,3,1624,6,0,6,0,6,0,6,1
60088,3,26482,34,5,29,8,34,13,29,1
60090,2,25564,76,10,66,23,76,33,50,0
60069,3,18831,40,2,38,8,40,10,33,1
60039,2,4986,23,1,22,10,23,11,14,1
60099,2,4118,13,0,13,3,13,3,10,1
60084,3,8870,21,1,20,2,21,3,19,1
60037,3,3434,8,0,8,1,8,1,7,1
60022,3,6340,17,3,14,0,17,3,15,1
60024,2,13335,78,28,50,9,78,37,49,1
60032,2,6631,14,0,14,0,14,0,14,1
60020,3,6870,14,0,14,3,14,3,11,1
60036,3,6373,19,0,19,7,19,7,13,1
60013,2,13380,48,15,33,2,48,17,34,1
60047,3,47589,91,47,44,9,91,56,50,0
60082,2,8904,21,4,17,1,21,5,17,1
60025,2,2057,10,0,10,1,10,1,9,1
60015,3,4635,25,2,23,8,25,10,16,1
60011,3,17518,56,13,43,1,56,14,46,1
60046,2,19815,62,11,51,10,62,21,44,1
60057,3,6886,30,9,21,6,30,15,17,1
60012,2,4226,20,0,20,6,20,6,15,1
60086,3,8612,20,6,14,0,20,6,16,1
60092,3,20481,47,10,37,10,47,20,31,1
60054,3,5802,22,3,19,0,22,3,19,1
60018,3,9136,42,6,36,11,42,17,28,1
60038,4,15699,38,25,13,3,38,28,15,1
60035,3,16612,47,10,37,8,47,18,32,1
60053,3,6687,7,0,7,0,7,0,7,1
60000,3,21336,44,14,30,4,44,18,29,1
60044,2,25455,77,29,48,7,77,36,50,0
60041,3,13346,66,28,38,9,66,37,34,1
60001,3,23620,86,32,54,11,86,43,50,0
60005,2,17377,77,21,56,11,77,32,49,1
60070,4,17760,24,7,17,4,24,11,17,1
60075,3,5105,13,1,12,5,13,6,7,1
60007,3,15005,49,11,38,3,49,14,37,1
60032,3,27225,71,18,53,9,71,27,50,0
60042,3,12747,37,11,26,0,37,11,28,1
60072,3,3752,22,1,21,1,22,2,20,1
60063,2,19595,75,25,50,5,75,30,50,0
60039,3,3418,19,0,19,9,19,9,11,1
60003,3,23436,74,13,61,16,74,29,50,0
60030,4,8383,20,4,16,3,20,7,14,1
60095,3,16889,79,26,53,11,79,37,50,0
60025,3,3908,13,0,13,4,13,4,9,1
60021,3,15611,24,5,19,2,24,7,21,1
60066,3,33654,66,24,42,4,66,28,45,1
60024,3,7845,52,13,39,13,52,26,29,1
60034,3,29298,66,16,50,6,66,22,50,0
60012,3,4375,13,4,9,0,13,4,9,1
60073,3,18602,45,12,33,4,45,16,32,1
60017,4,11486,57,22,35,2,57,24,36,1
60044,3,28762,83,28,55,10,83,38,50,0
60056,3,43666,70,12,58,23,70,35,50,0
60023,3,23689,72,21,51,13,72,34,44,1
60097,3,28928,15,0,15,5,15,5,22,1
60089,3,5493,21,3,18,1,21,4,17,1
60050,4,30663,65,7,58,16,65,23,50,0
60013,3,8788,15,1,14,0,15,1,15,1
60077,4,1710,6,0,6,0,6,0,6,1
60095,4,9658,67,17,50,15,67,32,39,1
60074,4,23086,44,0,44,0,44,0,50,0
60028,3,3598,12,4,8,0,12,4,8,1
60069,4,65440,47,3,44,10,47,13,50,0
60087,3,5109,24,1,23,6,24,7,18,1
60046,3,6349,24,5,19,0,24,5,20,1
60081,3,15289,97,43,54,13,97,56,50,0
60002,4,22409,109,65,44,4,109,69,50,0
60009,3,30333,134,94,40,6,134,100,50,0
60037,4,3074,7,0,7,0,7,0,7,1
60048,3,25514,50,16,34,8,50,24,32,1
60010,4,4394,12,0,12,1,12,1,11,1
60092,4,13934,28,6,22,5,28,11,19,1
60015,4,7807,42,10,32,8,42,18,26,1
60098,3,4874,35,10,25,2,35,12,25,1
60006,2,39890,83,36,47,9,83,45,50,0
60033,2,57201,77,11,66,35,77,46,50,0
60099,3,28402,77,23,54,14,77,37,50,0
60014,3,15378,61,12,49,12,61,24,42,1
60005,3,6669,33,1,32,6,33,7,27,1
60090,3,28361,71,12,59,17,71,29,50,0
60083,2,26906,74,31,43,1,74,32,50,0
60071,3,16050,61,16,45,0,61,16,48,1
60000,4,4593,9,0,9,0,9,0,9,1
60018,4,2951,9,0,9,0,9,0,9,1
60065,3,4907,27,10,17,1,27,11,18,1
60042,4,3026,15,2,13,1,15,3,12,1
60049,3,4775,10,0,10,0,10,0,10,1
60057,4,14190,33,6,27,6,33,12,24,1
60078,3,17373,45,16,29,9,45,25,25,1
60062,3,6320,15,0,15,0,15,0,15,1
60047,4,45286,68,27,41,3,68,30,50,0
60063,3,18815,65,16,49,4,65,20,50,0
60076,3,30966,85,47,38,0,85,47,50,0
60019,4,4157,20,6,14,3,20,9,12,1
60086,4,20572,40,11,29,9,40,20,25,1
60056,4,9810,33,7,26,4,33,11,23,1
60064,3,23042,61,20,41,1,61,21,46,1
60039,4,5425,16,1,15,3,16,4,13,1
60072,4,4008,21,0,21,1,21,1,20,1
60021,4,4476,13,0,13,2,13,2,11,1
60073,4,4010,14,0,14,2,14,2,12,1
60024,4,1800,16,1,15,6,16,7,9,1
60061,3,6442,35,12,23,0,35,12,25,1
60053,4,4809,8,0,8,1,8,1,7,1
60041,4,3616,13,0,13,4,13,4,9,1
60084,4,26573,73,6,67,23,73,29,50,0
60012,4,1387,11,0,11,2,11,2,9,1
60087,4,4080,12,2,10,1,12,3,9,1
60060,4,3122,7,0,7,1,7,1,6,1
60006,3,46925,70,30,40,3,70,33,50,0
60094,4,3226,19,0,19,2,19,2,17,1
60082,3,22985,52,19,33,5,52,24,31,1
60085,3,16535,74,24,50,6,74,30,50,0
60097,4,32436,28,11,17,1,28,12,29,1
60044,4,29210,61,16,45,2,61,18,50,0
60076,4,26670,94,49,45,6,94,55,50,0
60034,4,25488,72,24,48,4,72,28,50,0
60075,4,6466,16,4,12,4,16,8,9,1
60023,4,4138,14,3,11,1,14,4,10,1
60066,4,22555,59,23,36,7,59,30,33,1
60099,4,23780,76,34,42,3,76,37,50,0
60059,3,10084,33,1,32,9,33,10,24,1
60009,4,26543,117,77,40,2,117,79,50,0
60067,4,4108,20,3,17,5,20,8,13,1
60022,4,28773,67,21,46,4,67,25,50,0
60033,3,37372,78,9,69,39,78,48,41,1
60040,4,20397,113,55,58,20,113,75,50,0
60064,4,3869,20,7,13,1,20,8,13,1
60003,4,18722,74,22,52,8,74,30,50,0
60046,4,3787,17,3,14,0,17,3,14,1
60013,4,18491,44,13,31,2,44,15,31,1
60062,4,6460,18,3,15,0,18,3,15,1
60026,3,9104,34,4,30,0,34,4,31,1
60090,4,32844,56,13,43,3,56,16,50,0
60028,4,6966,23,9,14,0,23,9,15,1
60058,3,6009,14,0,14,0,14,0,14,1
60007,4,12105,65,14,51,3,65,17,50,0
60096,3,15933,57,17,40,8,57,25,35,1
60048,4,6611,9,0,9,0,9,0,9,1
60063,4,21125,68,19,49,3,68,22,50,0
60008,4,4439,8,1,7,1,8,2,6,1
60032,4,9471,32,5,27,7,32,12,21,1
60031,3,17936,87,33,54,24,87,57,40,1
60027,3,6406,38,12,26,0,38,12,28,1
60098,4,10408,47,13,34,7,47,20,30,1
60096,4,9967,23,0,23,5,23,5,19,1
60083,3,30097,94,41,53,13,94,54,50,0
60065,4,11984,40,12,28,7,40,19,25,1
60016,3,11439,54,19,35,8,54,27,31,1
60081,4,6449,46,26,20,1,46,27,23,1
60006,4,31222,62,6,56,16,62,22,47,1
60005,4,19122,69,14,55,10,69,24,50,0
60091,3,7002,11,0,11,1,11,1,11,1
60049,4,11212,33,6,27,8,33,14,20,1
60059,4,18130,66,20,46,5,66,25,46,1
60080,4,8744,19,1,18,2,19,3,17,1
60083,4,10818,29,6,23,1,29,7,23,1
60031,4,3392,16,4,12,4,16,8,8,1
60033,4,17020,39,1,38,19,39,20,22,1
60071,4,20336,68,9,59,13,68,22,50,0
60085,4,3637,17,4,13,1,17,5,12,1
60014,4,9764,37,3,34,8,37,11,28,1
60025,4,4936,35,5,30,11,35,16,21,1
60016,4,5832,16,5,11,1,16,6,12,1
60061,4,6623,28,11,17,2,28,13,15,1
60091,4,2563,11,1,10,1,11,2,9,1
60045,4,4332,20,1,19,5,20,6,15,1
60051,4,9049,15,0,15,0,15,0,17,1
60027,4,5287,27,5,22,5,27,10,18,1
60093,4,5509,19,6,13,0,19,6,14,1
60052,4,5464,12,3,9,0,12,3,9,1
60089,4,3587,17,0,17,0,17,0,17,1
60029,4,14273,69,31,38,8,69,39,37,1
60079,4,20895,59,24,35,3,59,27,38,1
60088,4,6234,16,0,16,4,16,4,12,1
60078,4,23062,82,7,75,44,82,51,39,1
60082,4,27362,73,21,52,8,73,29,48,1
60020,4,9354,18,1,17,0,18,1,18,1
60045,3,20224,76,26,50,8,76,34,50,0
60054,4,7431,22,2,20,1,22,3,19,1
60004,4,5185,23,0,23,9,23,9,15,1
60011,4,11205,64,10,54,16,64,26,41,1
60055,4,2463,24,10,14,1,24,11,15,1
60001,4,16927,71,9,62,16,71,25,50,0
60058,4,31419,75,12,63,19,75,31,50,0
60068,4,19585,85,22,63,22,85,44,50,0
60026,4,13618,76,21,55,9,76,30,50,0
60035,4,15823,40,13,27,3,40,16,27,1
60036,4,27559,85,29,56,17,85,46,50,0
60195,0,5070,6,0,6,0,6,0,6,1
60149,1,5143,10,0,10,0,10,0,10,1
60153,0,2984,11,3,8,1,11,4,7,1
60110,1,3160,9,1,8,0,9,1,8,1
60103,0,6489,8,0,8,0,8,0,8,1
60120,0,3692,10,0,10,2,10,2,8,1
60191,0,4701,14,5,9,0,14,5,10,1
60116,1,4525,14,1,13,3,14,4,10,1
60152,0,6103,16,0,16,1,16,1,15,1
60124,0,8747,15,5,10,0,15,5,11,1
60158,1,7304,24,7,17,0,24,7,17,1
60102,0,4669,19,2,17,3,19,5,14,1
60162,1,7814,27,9,18,4,27,13,16,1
60170,1,8391,19,3,16,2,19,5,15,1
60150,0,3500,12,0,12,5,12,5,7,1
60197,1,13093,30,4,26,5,30,9,22,1
60142,0,8100,40,7,33,2,40,9,32,1
60178,1,4858,24,5,19,3,24,8,17,1
60108,1,19347,41,11,30,2,41,13,31,1
60195,1,5686,15,0,15,7,15,7,9,1
60123,0,5454,12,0,12,0,12,0,12,1
60169,0,52700,42,12,30,1,42,13,50,0
60183,0,3766,34,5,29,21,34,26,12,1
60160,1,5608,29,5,24,12,29,17,13,1
60100,0,19050,60,13,47,8,60,21,44,1
60175,0,50392,48,5,43,13,48,18,50,0
60114,0,43732,54,8,46,9,54,17,50,0
60112,0,16029,53,18,35,10,53,28,30,1
60186,1,3577,13,1,12,1,13,2,11,1
60111,0,20391,64,16,48,4,64,20,50,0
60165,0,24668,65,9,56,31,65,40,33,1
60117,0,2325,6,0,6,1,6,1,5,1
60138,0,13069,48,6,42,17,48,23,28,1
60172,1,19322,77,24,53,11,77,35,50,0
60115,1,18888,45,7,38,9,45,16,33,1
60112,1,6498,14,0,14,3,14,3,11,1
60105,1,19759,81,33,48,7,81,40,50,0
60143,1,5635,34,10,24,5,34,15,21,1
60134,1,16596,50,9,41,11,50,20,33,1
60132,1,15668,80,28,52,8,80,36,50,0
60103,1,6283,8,0,8,0,8,0,8,1
60124,1,14187,35,14,21,3,35,17,21,1
60196,0,26250,76,28,48,6,76,34,50,0
60121,0,6171,20,2,18,3,20,5,15,1
60131,0,12964,79,24,55,20,79,44,43,1
60154,0,29429,55,13,42,0,55,13,50,0
60185,0,20605,81,21,60,16,81,37,50,0
60130,1,3951,12,1,11,2,12,3,9,1
60174,1,7044,16,2,14,3,16,5,12,1
60171,1,2765,11,0,11,0,11,0,11,1
60119,0,26722,95,16,79,38,95,54,50,0
60187,1,4247,12,3,9,0,12,3,9,1
60141,0,10347,22,5,17,0,22,5,19,1
60130,0,7407,22,6,16,4,22,10,14,1
60155,0,17825,101,60,41,2,101,62,50,0
60139,0,5858,23,5,18,0,23,5,19,1
60128,0,3419,11,0,11,3,11,3,8,1
60190,1,7210,20,2,18,4,20,6,14,1
60156,0,19197,48,8,40,8,48,16,37,1
60104,0,29563,73,21,52,9,73,30,50,0
60109,0,19357,82,26,56,11,82,37,49,1
60190,0,16998,123,28,95,58,123,86,50,0
60137,0,12416,27,8,19,6,27,14,15,1
60108,0,3990,16,4,12,2,16,6,10,1
60163,0,7717,21,0,21,6,21,6,16,1
60109,1,3045,17,2,15,2,17,4,13,1
60151,0,13049,20,0,20,5,20,5,17,1
60127,0,15896,60,12,48,8,60,20,44,1
60114,1,43910,60,24,36,1,60,25,50,0
60161,0,2782,13,3,10,1,13,4,9,1
60180,0,5519,23,4,19,1,23,5,18,1
60152,1,15087,34,7,27,0,34,7,28,1
60186,0,3047,11,0,11,0,11,0,11,1
60181,0,11262,24,7,17,0,24,7,18,1
60140,0,7113,27,5,22,4,27,9,19,1
60126,0,12555,33,1,32,9,33,10,24,1
60179,0,19253,83,37,46,4,83,41,50,0
60157,0,20483,44,9,35,4,44,13,34,1
60125,0,33933,54,9,45,8,54,17,48,1
60177,0,6753,24,0,24,10,24,10,16,1
60131,1,12580,52,16,36,11,52,27,31,1
60113,0,5621,22,7,15,2,22,9,14,1
60154,1,21706,69,19,50,5,69,24,50,0
60129,0,15282,34,1,33,10,34,11,25,1
60159,0,5884,23,3,20,5,23,8,15,1
60145,0,9573,20,5,15,2,20,7,14,1
60173,0,14457,82,32,50,6,82,38,50,1
60128,1,5300,12,1,11,0,12,1,12,1
60157,1,3760,11,0,11,2,11,2,9,1
60184,0,12990,116,52,64,25,116,77,50,0
60153,1,19233,73,27,46,8,73,35,46,1
60135,0,97315,88,10,78,76,88,86,50,0
60182,0,11271,27,2,25,3,27,5,23,1
60127,1,4067,18,5,13,0,18,5,14,1
60107,0,3142,19,3,16,3,19,6,13,1
60161,1,12489,47,13,34,5,47,18,33,1
60110,0,5348,21,3,18,7,21,10,12,1
60155,1,21608,96,53,43,4,96,57,50,0
60122,1,17626,69,5,64,17,69,22,50,0
60199,0,4574,11,1,10,0,11,1,10,1
60196,1,21580,78,25,53,6,78,31,50,0
60146,1,23397,87,34,53,10,87,44,50,0
60147,1,22554,53,10,43,0,53,10,50,0
60198,0,6620,15,0,15,1,15,1,14,1
60192,0,18912,65,13,52,6,65,19,49,1
60106,0,4731,15,1,14,1,15,2,13,1
60105,0,8772,39,8,31,1,39,9,31,1
60140,1,8071,20,0,20,2,20,2,19,1
60197,0,12505,38,6,32,11,38,17,22,1
60119,1,30024,118,17,101,65,118,82,50,0
60116,0,4025,13,0,13,3,13,3,10,1
60136,1,3951,24,6,18,2,24,8,16,1
60178,0,7984,24,9,15,1,24,10,16,1
60141,1,29496,74,19,55,14,74,33,50,0
60104,1,20957,64,7,57,10,64,17,50,0
60125,1,26678,27,0,27,3,27,3,34,1
60149,0,2883,11,0,11,1,11,1,10,1
60146,0,31574,78,31,47,5,78,36,50,0
60122,0,19664,70,13,57,13,70,26,50,0
60159,1,11861,40,14,26,6,40,20,23,1
60132,0,17589,81,27,54,9,81,36,50,0
60171,0,3357,22,1,21,9,22,10,13,1
60143,0,4511,19,5,14,4,19,9,11,1
60158,0,21521,41,11,30,0,41,11,33,1
60193,0,26139,81,35,46,4,81,39,50,0
60194,0,21875,77,25,52,7,77,32,50,0
60147,0,24091,69,12,57,13,69,25,50,0
60187,0,2491,11,2,9,0,11,2,9,1
60177,1,3624,9,0,9,1,9,1,8,1
60164,1,5990,22,6,16,6,22,12,11,1
60170,0,8699,23,1,22,6,23,7,18,1
60189,0,12562,44,6,38,7,44,13,35,1
60164,0,53485,88,35,53,24,88,59,50,0
60112,2,12219,16,0,16,1,16,1,17,1
60148,0,2418,6,0,6,0,6,0,6,1
60102,1,9437,29,0,29,6,29,6,24,1
60162,0,28420,108,60,48,10,108,70,50,0
60118,0,3162,8,0,8,1,8,1,7,1
60185,1,22702,80,15,65,21,80,36,50,0
60173,2,3089,15,0,15,2,15,2,13,1
60118,1,5567,19,5,14,3,19,8,12,1
60136,0,10424,53,10,43,6,53,16,39,1
60180,1,18489,87,43,44,2,87,45,50,0
60173,1,18085,73,14,59,14,73,28,50,0
60130,2,3567,9,0,9,0,9,0,9,1
60163,1,15806,63,11,52,24,63,35,33,1
60189,1,16565,67,22,45,10,67,32,42,1
60107,1,14289,43,18,25,4,43,22,26,1
60188,1,36812,69,16,53,13,69,29,50,0
60115,0,4878,14,0,14,2,14,2,12,1
60144,1,11842,59,16,43,12,59,28,36,1
60176,1,29445,98,54,44,5,98,59,50,0
60199,2,2778,14,2,12,2,14,4,10,1
60151,1,6213,9,0,9,0,9,0,9,1
60172,0,17063,60,7,53,6,60,13,50,0
60108,2,4537,12,0,12,2,12,2,10,1
60194,1,18904,47,11,36,3,47,14,35,1
60163,2,8951,23,1,22,7,23,8,16,1
60191,1,1448,8,0,8,1,8,1,7,1
60129,1,27405,63,1,62,18,63,19,49,1
60145,1,60804,90,41,49,14,90,55,50,0
60182,1,7106,17,2,15,0,17,2,16,1
60192,1,22973,64,7,57,11,64,18,50,0
60134,0,26783,86,16,70,28,86,44,50,0
60160,0,12105,60,4,56,37,60,41,26,1
60116,2,3740,12,0,12,2,12,2,10,1
60144,0,3671,30,6,24,7,30,13,18,1
60113,1,5950,24,6,18,1,24,7,18,1
60150,1,2378,14,0,14,7,14,7,7,1
60128,2,3399,10,0,10,2,10,2,8,1
60199,1,6392,36,10,26,8,36,18,20,1
60120,1,2708,20,7,13,2,20,9,12,1
60150,2,2081,9,0,9,2,9,2,7,1
60156,2,2480,10,0,10,0,10,0,10,1
60154,2,14844,26,0,26,0,26,0,29,1
60176,0,29889,104,61,43,7,104,68,50,0
60188,0,30351,75,14,61,20,75,34,50,0
60148,1,10000,36,13,23,4,36,17,22,1
60133,1,25143,131,65,66,28,131,93,50,0
60161,2,6142,27,5,22,6,27,11,18,1
60104,2,33159,75,24,51,7,75,31,50,0
60174,0,18087,36,4,32,17,36,21,19,1
60181,2,6062,15,5,10,1,15,6,10,1
60169,1,59003,43,17,26,0,43,17,50,0
60186,2,11018,32,2,30,9,32,11,23,1
60139,2,3980,15,0,15,0,15,0,15,1
60180,2,15018,70,21,49,3,70,24,50,0
60157,2,7572,20,2,18,2,20,4,17,1
60123,2,19145,18,0,18,6,18,6,19,1
60190,2,17894,120,23,97,55,120,78,50,0
60123,1,10711,27,6,21,6,27,12,18,1
60101,1,2414,12,5,7,0,12,5,8,1
60113,2,14332,56,17,39,2,56,19,41,1
60142,1,20114,76,21,55,9,76,30,50,0
60103,2,8063,12,3,9,1,12,4,10,1
60192,2,4994,20,1,19,0,20,1,19,1
60183,2,8282,66,16,50,33,66,49,25,1
60138,2,8795,14,1,13,0,14,1,14,1
60175,1,33482,61,19,42,8,61,27,45,1
60140,2,11279,35,5,30,7,35,12,25,1
60111,1,13934,80,29,51,6,80,35,50,0
60141,2,29098,74,20,54,12,74,32,50,0
60133,0,21348,143,74,69,36,143,110,50,0
60179,2,13243,62,28,34,0,62,28,39,1
60117,2,2754,8,3,5,0,8,3,5,1
60186,3,3589,13,1,12,1,13,2,11,1
60100,1,7493,19,5,14,1,19,6,14,1
60185,2,23712,82,28,54,10,82,38,50,0
60134,2,21143,78,14,64,19,78,33,50,0
60156,1,5229,21,5,16,3,21,8,14,1
60182,2,13492,27,8,19,0,27,8,20,1
60149,2,7138,20,0,20,5,20,5,16,1
60103,3,6501,9,0,9,1,9,1,8,1
60183,1,16516,133,31,102,68,133,99,50,0
60101,0,3624,13,5,8,0,13,5,9,1
60147,2,22642,49,0,49,4,49,4,50,0
60138,1,31926,77,20,57,17,77,37,50,1
60121,2,21338,87,37,50,8,87,45,50,0
60117,1,2570,6,0,6,1,6,1,5,1
60125,2,9442,26,0,26,8,26,8,20,1
60181,1,4551,13,2,11,2,13,4,9,1
60162,2,11624,51,27,24,0,51,27,28,1
60184,2,14470,87,29,58,20,87,49,46,1
60151,2,9197,25,2,23,9,25,11,15,1
60170,2,6342,13,2,11,1,13,3,10,1
60145,2,45975,65,28,37,6,65,34,42,1
60158,2,8360,23,2,21,4,23,6,17,1
60174,3,7172,22,8,14,3,22,11,13,1
60152,3,12267,47,6,41,9,47,15,34,1
60184,1,6729,40,17,23,1,40,18,25,1
60105,2,27573,80,37,43,5,80,42,50,0
60135,2,99155,112,9,103,100,112,109,50,0
60195,2,6517,9,0,9,0,9,0,10,1
60188,2,14321,28,6,22,1,28,7,23,1
60121,1,22398,91,24,67,25,91,49,50,0
60170,3,33331,64,7,57,15,64,22,50,0
60127,2,20913,73,18,55,15,73,33,46,1
60115,2,9078,16,0,16,4,16,4,12,1
60126,2,24011,78,28,50,7,78,35,50,0
60171,2,3478,13,0,13,2,13,2,11,1
60146,2,25674,89,48,41,0,89,48,50,0
60195,3,3064,6,0,6,0,6,0,6,1
60160,3,5186,11,0,11,4,11,4,7,1
60152,2,17368,42,7,35,3,42,10,34,1
60134,3,9952,31,6,25,6,31,12,20,1
60132,2,20772,78,24,54,10,78,34,50,0
60129,2,23075,60,7,53,17,60,24,41,1
60106,2,18286,30,5,25,3,30,8,27,1
60115,3,15259,38,3,35,11,38,14,27,1
60165,1,40418,117,8,109,73,117,81,50,0
60191,2,5039,24,6,18,7,24,13,13,1
60179,1,21491,95,43,52,10,95,53,50,0
60137,2,17756,45,18,27,9,45,27,23,1
60122,2,6196,39,5,34,5,39,10,31,1
60110,2,2262,8,0,8,0,8,0,8,1
60160,2,6991,41,7,34,22,41,29,16,1
60193,2,24969,88,32,56,12,88,44,50,0
60109,2,3224,14,0,14,1,14,1,13,1
60135,1,98881,88,3,85,83,88,86,50,0
60159,2,9292,25,7,18,0,25,7,19,1
60196,3,12952,38,8,30,1,38,9,30,1
60187,2,6221,19,0,19,5,19,5,15,1
60189,2,6525,20,1,19,1,20,2,19,1
60171,3,4345,18,5,13,1,18,6,13,1
60177,2,3570,18,5,13,2,18,7,12,1
60106,1,29286,50,5,45,7,50,12,47,1
60114,2,10853,18,3,15,0,18,3,16,1
60178,2,7694,19,5,14,1,19,6,15,1
60197,2,36441,72,27,45,2,72,29,50,0
60139,1,7948,27,5,22,2,27,7,21,1
60104,3,16481,61,13,48,1,61,14,50,0
60137,1,18724,62,35,27,6,62,41,27,1
60176,2,11480,31,12,19,1,31,13,21,1
60187,3,2191,9,0,9,0,9,0,9,1
60190,3,21578,129,33,96,62,129,95,50,0
60148,2,6023,17,2,15,5,17,7,11,1
60198,2,22592,68,19,49,6,68,25,48,1
60119,2,33607,123,31,92,58,123,89,50,0
60198,1,9510,31,6,25,3,31,9,23,1
60143,3,6565,43,31,12,1,43,32,18,1
60124,2,6245,12,3,9,1,12,4,8,1
60194,2,5936,20,0,20,5,20,5,15,1
60172,2,18551,56,6,50,5,56,11,50,0
60112,3,30059,49,5,44,12,49,17,37,1
60109,3,4049,30,3,27,12,30,15,16,1
60153,2,13049,38,6,32,11,38,17,24,1
60102,2,10230,39,6,33,8,39,14,27,1
60120,2,1914,8,0,8,0,8,0,8,1
60176,3,8873,45,30,15,0,45,30,20,1
60192,3,9394,31,5,26,3,31,8,24,1
60161,3,1839,11,1,10,1,11,2,9,1
60136,2,4682,22,1,21,5,22,6,16,1
60107,3,3572,19,1,18,5,19,6,13,1
60155,2,17816,79,34,45,2,79,36,50,0
60133,2,11384,67,33,34,12,67,45,29,1
60101,3,1530,6,0,6,1,6,1,5,1
60107,2,26478,122,60,62,26,122,86,50,0
60114,3,36291,77,31,46,6,77,37,50,0
60193,1,25576,76,30,46,3,76,33,50,0
60101,2,1349,6,0,6,1,6,1,5,1
60174,2,7725,25,8,17,6,25,14,13,1
60153,3,10507,36,14,22,2,36,16,24,1
60164,2,59797,78,10,68,39,78,49,50,1
60144,3,3696,28,1,27,11,28,12,17,1
60149,3,3094,10,0,10,0,10,0,10,1
60144,2,2844,11,0,11,2,11,2,9,1
60142,2,13966,40,3,37,0,40,3,39,1
60178,3,22267,78,26,52,9,78,35,50,1
60118,3,6004,17,5,12,1,17,6,12,1
60173,3,17520,86,29,57,12,86,41,50,0
60118,2,3162,7,0,7,0,7,0,7,1
60119,3,29997,125,30,95,61,125,91,50,0
60155,3,18097,108,50,58,18,108,68,50,0
60165,2,15099,48,4,44,25,48,29,24,1
60192,4,5090,23,0,23,4,23,4,19,1
60143,2,8519,86,62,24,3,86,65,31,1
60130,4,3841,13,0,13,4,13,4,9,1
60130,3,14990,50,16,34,6,50,22,33,1
60188,3,34210,65,14,51,11,65,25,50,0
60141,3,14555,26,2,24,4,26,6,22,1
60131,3,11736,59,19,40,13,59,32,33,1
60142,3,12818,34,2,32,2,34,4,31,1
60199,4,3714,11,1,10,0,11,1,10,1
60124,3,6566,19,5,14,2,19,7,13,1
60126,1,22237,88,33,55,15,88,48,50,0
60149,4,3274,11,0,11,1,11,1,10,1
60199,3,8232,33,12,21,4,33,16,19,1
60146,3,29293,82,28,54,12,82,40,50,0
60108,3,3738,10,0,10,0,10,0,10,1
60156,3,1871,10,0,10,0,10,0,10,1
60113,4,1894,10,0,10,0,10,0,10,1
60116,4,3993,12,2,10,0,12,2,10,1
60159,3,31418,78,22,56,12,78,34,49,1
60148,3,23442,57,17,40,12,57,29,35,1
60108,4,8198,23,5,18,2,23,7,17,1
60191,3,4297,23,1,22,11,23,12,13,1
60175,3,56192,35,5,30,2,35,7,50,0
60181,3,5653,11,2,9,0,11,2,9,1
60131,2,4609,29,5,24,9,29,14,16,1
60128,3,8901,22,5,17,2,22,7,16,1
60111,2,13505,66,17,49,3,66,20,50,0
60111,3,18937,81,30,51,8,81,38,50,0
60169,2,59304,33,5,28,1,33,6,50,0
60100,3,19317,63,8,55,14,63,22,47,1
60169,3,59444,39,11,28,1,39,12,50,0
60116,3,5066,15,0,15,5,15,5,10,1
60134,4,5849,16,0,16,2,16,2,14,1
60150,3,2443,9,0,9,2,9,2,7,1
60129,3,10341,35,9,26,6,35,15,22,1
60194,3,23988,77,27,50,7,77,34,50,0
60175,2,51421,43,10,33,2,43,12,50,0
60140,3,2441,10,0,10,0,10,0,10,1
60154,3,17957,39,7,32,0,39,7,36,1
60146,4,26236,68,23,45,1,68,24,50,0
60196,2,20783,74,26,48,3,74,29,50,0
60163,3,14734,70,26,44,17,70,43,32,1
60100,2,19058,72,28,44,6,72,34,44,1
60140,4,2896,12,2,10,0,12,2,10,1
60185,3,23611,78,23,55,12,78,35,50,0
60180,3,14654,78,25,53,9,78,34,50,0
60123,3,3791,13,1,12,0,13,1,12,1
60157,3,5193,11,1,10,1,11,2,9,1
60172,3,10494,41,7,34,3,41,10,32,1
60110,3,4769,21,3,18,8,21,11,11,1
60181,4,7882,11,2,9,0,11,2,9,1
60151,3,7781,9,0,9,0,9,0,9,1
60117,4,2917,6,0,6,1,6,1,5,1
60123,4,4064,14,2,12,0,14,2,12,1
60102,3,10230,45,8,37,5,45,13,34,1
60120,3,7084,24,0,24,8,24,8,18,1
60119,4,9556,33,0,33,10,33,10,24,1
60145,3,69278,93,45,48,16,93,61,50,0
60145,4,23074,36,4,32,13,36,17,24,1
60151,4,20745,37,6,31,9,37,15,25,1
60147,3,20047,56,12,44,0,56,12,50,0
60165,3,20510,58,8,50,29,58,37,27,1
60186,4,14757,60,6,54,16,60,22,41,1
60170,4,29348,76,9,67,25,76,34,50,0
60121,3,15413,52,18,34,3,52,21,35,1
60157,4,16252,51,2,49,21,51,23,31,1
60125,4,18197,22,0,22,2,22,2,26,1
60103,4,4194,8,0,8,0,8,0,8,1
60197,3,9809,25,5,20,1,25,6,20,1
60113,3,9148,40,9,31,3,40,12,30,1
60138,3,9840,29,5,24,8,29,13,18,1
60129,4,36228,72,29,43,3,72,32,50,0
60162,4,20979,113,65,48,10,113,75,50,0
60182,4,28272,85,24,61,18,85,42,50,0
60137,3,2899,11,2,9,2,11,4,7,1
60139,3,4769,17,0,17,2,17,2,15,1
60127,4,10599,37,8,29,5,37,13,27,1
60195,4,7546,12,0,12,2,12,2,11,1
60147,4,19590,47,2,45,0,47,2,50,0
60132,3,13428,77,15,62,15,77,30,50,0
60106,4,6058,13,0,13,0,13,0,13,1
60179,3,17905,104,42,62,19,104,61,50,0
60183,3,6177,57,4,53,45,57,49,17,1
60110,4,2884,10,1,9,1,10,2,8,1
60172,4,19187,69,16,53,8,69,24,49,1
60107,4,6042,24,5,19,3,24,8,17,1
60177,3,5807,18,7,11,0,18,7,12,1
60132,4,15527,75,15,60,14,75,29,50,0
60105,3,21733,68,19,49,5,68,24,50,0
60126,3,3914,15,1,14,2,15,3,12,1
60152,4,5219,17,2,15,0,17,2,15,1
60162,3,7183,28,12,16,1,28,13,17,1
60117,3,2562,7,0,7,2,7,2,5,1
60184,3,11754,111,39,72,32,111,71,50,0
60159,4,8084,20,0,20,5,20,5,15,1
60178,4,2763,15,2,13,4,15,6,9,1
60182,3,18970,65,10,55,12,65,22,46,1
60158,4,10698,27,5,22,3,27,8,20,1
60135,3,85988,113,7,106,98,113,105,50,0
60122,3,12103,63,10,53,12,63,22,45,1
60187,4,6439,11,0,11,0,11,0,12,1
60189,4,5052,22,6,16,0,22,6,17,1
60197,4,25584,55,13,42,5,55,18,41,1
60188,4,15777,29,5,24,1,29,6,25,1
60198,4,23474,80,25,55,12,80,37,50,0
60193,4,26759,75,33,42,2,75,35,50,0
60112,4,21756,38,8,30,5,38,13,30,1
60127,3,29277,77,14,63,19,77,33,50,0
60193,3,10504,36,11,25,5,36,16,22,1
60153,4,1922,11,1,10,3,11,4,7,1
60125,3,11750,20,1,19,2,20,3,20,1
60191,4,1455,7,0,7,0,7,0,7,1
60106,3,7521,23,5,18,1,23,6,18,1
60111,4,4944,38,13,25,4,38,17,22,1
60150,4,2828,7,0,7,0,7,0,7,1
60137,4,13371,35,13,22,6,35,19,19,1
60198,3,6794,28,5,23,3,28,8,21,1
60105,4,20689,82,41,41,2,82,43,50,0
60164,3,26387,35,0,35,20,35,20,24,1
60122,4,20893,58,1,57,11,58,12,50,0
60126,4,16014,45,20,25,0,45,20,28,1
60163,4,29981,82,20,62,20,82,40,50,0
60160,4,4222,33,1,32,22,33,23,13,1
60124,4,15373,43,12,31,14,43,26,21,1
60115,4,29882,81,16,65,24,81,40,50,0
60177,4,7987,15,0,15,1,15,1,15,1
60102,4,11569,44,13,31,1,44,14,32,1
60143,4,6428,42,21,21,5,42,26,20,1
60190,4,22720,114,24,90,49,114,73,50,0
60171,4,2737,31,6,25,12,31,18,14,1
60133,4,8742,62,47,15,1,62,48,22,1
60158,3,40127,68,19,49,6,68,25,50,0
60185,4,11869,47,14,33,5,47,19,30,1
60154,4,7605,18,0,18,1,18,1,17,1
60104,4,19910,84,27,57,11,84,38,50,0
60101,4,1787,7,0,7,2,7,2,5,1
60148,4,20439,70,23,47,16,70,39,38,1
60135,4,45388,63,4,59,47,63,51,32,1
60176,4,17404,58,16,42,11,58,27,34,1
60189,3,17954,69,25,44,6,69,31,42,1
60174,4,58720,123,41,82,51,123,92,50,0
60136,4,21828,90,31,59,18,90,49,50,0
60114,4,36749,77,26,51,12,77,38,50,0
60136,3,14980,81,22,59,14,81,36,50,0
60194,4,22866,69,16,53,8,69,24,50,0
60144,4,1710,9,0,9,0,9,0,9,1
60164,4,56570,92,22,70,42,92,64,50,0
60196,4,7078,22,0,22,1,22,1,21,1
60120,4,1652,9,0,9,1,9,1,8,1
60133,3,22248,141,77,64,31,141,108,50,0
60183,4,13446,105,18,87,67,105,85,36,1
60155,4,21641,102,54,48,10,102,64,50,0
60142,4,14159,52,11,41,4,52,15,39,1
60118,4,4557,17,5,12,3,17,8,10,1
60109,4,14986,74,17,57,12,74,29,50,0
60131,4,23003,100,39,61,22,100,61,50,0
60100,4,22527,76,8,68,24,76,32,50,0
60156,4,4805,14,0,14,4,14,4,10,1
60161,4,2770,10,0,10,1,10,1,9,1
60128,4,8084,15,0,15,3,15,3,13,1
60165,4,28589,79,13,66,39,79,52,34,1
60184,4,2739,15,0,15,2,15,2,13,1
60138,4,12122,46,4,42,17,46,21,27,1
60175,4,51204,46,10,36,7,46,17,50,0
60180,4,6551,45,16,29,2,45,18,29,1
60141,4,31781,72,25,47,5,72,30,50,0
60173,4,15540,70,23,47,2,70,25,50,0
60169,4,73982,35,19,16,0,35,19,50,0
60139,4,9671,41,7,34,5,41,12,30,1
60179,4,16750,90,32,58,13,90,45,50,1
60121,4,17933,85,26,59,15,85,41,50,0
