50090,0,2120,8,0,8,1,8,1,7,1
50089,0,3487,9,1,8,1,9,2,7,1
50031,1,3880,16,4,12,3,16,7,10,1
50045,0,3831,19,6,13,1,19,7,13,1
50076,0,3496,21,5,16,4,21,9,13,1
50024,0,6621,20,1,19,0,20,1,19,1
50006,1,5650,17,5,12,2,17,7,11,1
50003,0,6821,21,11,10,0,21,11,12,1
50016,0,4086,18,0,18,0,18,0,18,1
50094,0,5751,23,7,16,5,23,12,12,1
50072,1,6339,17,7,10,2,17,9,9,1
50091,0,4277,21,5,16,6,21,11,10,1
50070,1,6005,27,8,19,5,27,13,16,1
50027,0,3785,8,0,8,0,8,0,8,1
50052,0,2183,13,5,8,2,13,7,6,1
50000,0,5458,32,3,29,13,32,16,18,1
50041,0,5240,13,0,13,1,13,1,12,1
50084,0,5259,18,4,14,3,18,7,11,1
50079,0,12417,36,10,26,6,36,16,22,1
50013,0,14306,42,6,36,7,42,13,32,1
50040,1,3495,20,0,20,10,20,10,11,1
50072,0,2788,8,0,8,2,8,2,6,1
50075,0,1553,7,0,7,1,7,1,6,1
50021,0,11661,41,15,26,3,41,18,27,1
50070,0,2577,8,0,8,0,8,0,8,1
50025,0,2790,8,0,8,0,8,0,8,1
50057,1,1040,7,0,7,1,7,1,6,1
5001,0,6434,45,7,38,21,45,28,20,1
50053,0,4380,8,1,7,2,8,3,5,1
50019,0,11167,56,21,35,2,56,23,36,1
50077,0,10527,43,16,27,15,43,31,17,1
50051,0,4437,17,2,15,1,17,3,14,1
50005,0,5022,26,7,19,4,26,11,16,1
50033,1,22576,91,45,46,5,91,50,50,0
50098,0,18296,85,33,52,10,85,43,50,0
50061,0,23565,69,11,58,13,69,24,50,0
50002,0,46129,68,32,36,2,68,34,45,1
50043,0,15275,55,16,39,9,55,25,34,1
50078,1,15382,88,38,50,9,88,47,47,1
50036,1,3463,17,7,10,0,17,7,11,1
50004,0,5617,26,12,14,1,26,13,14,1
50009,1,22230,77,20,57,19,77,39,45,1
50003,1,9101,25,7,18,2,25,9,18,1
50030,0,10828,27,0,27,9,27,9,19,1
50001,0,4457,18,4,14,2,18,6,12,1
50008,0,6674,13,5,8,0,13,5,9,1
50044,1,21757,85,37,48,12,85,49,43,1
50099,0,11700,84,13,71,38,84,51,38,1
50082,0,8165,68,47,21,2,68,49,28,1
50014,0,8154,52,27,25,1,52,28,28,1
50009,0,4300,8,0,8,0,8,0,8,1
50017,0,2987,7,0,7,1,7,1,6,1
50044,0,9981,21,0,21,5,21,5,19,1
50086,1,31213,83,23,60,16,83,39,50,0
50092,0,21650,59,8,51,3,59,11,50,0
50063,1,3965,23,6,17,2,23,8,15,1
50067,0,15905,137,64,73,39,137,103,50,0
50033,0,24581,99,53,46,7,99,60,50,0
50048,1,29742,125,25,100,63,125,88,50,0
50083,1,3389,29,9,20,5,29,14,16,1
50058,0,4464,16,5,11,2,16,7,10,1
50093,0,6850,34,10,24,8,34,18,18,1
50066,1,8509,21,4,17,0,21,4,18,1
50086,0,25951,68,19,49,4,68,23,48,1
50063,0,3896,18,0,18,3,18,3,15,1
50007,1,3727,11,2,9,1,11,3,8,1
50039,1,17457,135,55,80,46,135,101,48,1
50029,1,9456,28,0,28,5,28,5,24,1
50085,0,1172,5,0,5,0,5,0,5,1
50089,1,3940,10,1,9,2,10,3,7,1
50012,1,3061,10,4,6,0,10,4,6,1
50005,1,17322,130,89,41,8,130,97,50,0
50036,0,5523,16,4,12,2,16,6,11,1
50081,1,6470,45,13,32,13,45,26,22,1
50042,1,4124,19,8,11,0,19,8,12,1
50056,0,16711,236,232,4,1,236,233,50,0
50022,0,10180,85,34,51,26,85,60,33,1
50037,1,3599,10,0,10,0,10,0,10,1
50021,1,2130,10,0,10,2,10,2,8,1
50027,1,12004,56,25,31,4,56,29,32,1
50008,1,5278,6,0,6,1,6,1,5,1
50007,0,8348,19,0,19,6,19,6,14,1
50034,0,18677,118,26,92,54,118,80,50,0
50054,1,21243,22,13,9,0,22,13,16,1
50069,0,41218,124,81,43,10,124,91,50,0
5003,0,24989,64,1,63,23,64,24,50,0
50066,0,26860,50,10,40,0,50,10,45,1
50006,0,4483,6,0,6,0,6,0,6,1
50048,0,2979,21,1,20,9,21,10,11,1
50059,0,21163,91,43,48,8,91,51,50,0
50046,1,6404,13,2,11,1,13,3,10,1
50011,1,8482,32,0,32,8,32,8,25,1
50069,1,7463,20,2,18,6,20,8,13,1
50045,1,4145,18,5,13,0,18,5,14,1
50032,0,1894,10,0,10,0,10,0,10,1
50028,0,11886,238,232,6,1,238,233,50,0
50065,0,25441,162,60,102,73,162,133,50,0
50050,0,21544,70,14,56,17,70,31,43,1
50074,0,22979,83,28,55,10,83,38,50,0
50023,0,6363,34,7,27,11,34,18,18,1
50052,1,1151,8,0,8,2,8,2,6,1
50094,1,3913,9,1,8,0,9,1,8,1
50040,0,3675,24,10,14,1,24,11,15,1
50042,0,4630,19,6,13,0,19,6,14,1
50053,1,2668,8,1,7,2,8,3,5,1
50020,0,5446,15,5,10,0,15,5,11,1
50095,0,859,10,1,9,4,10,5,5,1
50068,0,24288,93,51,42,4,93,55,50,0
50016,1,13354,60,9,51,17,60,26,38,1
50015,1,17521,53,23,30,6,53,29,31,1
50011,0,6750,14,0,14,0,14,0,14,1
50055,0,15886,94,33,61,18,94,51,50,0
50088,1,3924,16,2,14,3,16,5,11,1
50057,0,4740,10,0,10,0,10,0,11,1
50012,0,18610,91,49,42,9,91,58,42,1
50076,1,23260,109,57,52,12,109,69,50,0
50013,1,14260,58,22,36,6,58,28,35,1
50041,1,4118,14,0,14,2,14,2,12,1
50092,1,29648,79,34,45,1,79,35,50,0
50029,0,15452,36,3,33,2,36,5,33,1
50085,1,1404,6,0,6,1,6,1,5,1
50088,0,19990,110,29,81,41,110,70,50,0
50018,0,17449,88,21,67,27,88,48,50,0
50043,1,9551,36,3,33,14,36,17,22,1
50060,1,22167,75,9,66,23,75,32,50,0
50073,1,23527,99,32,67,23,99,55,50,0
50083,0,14202,89,28,61,23,89,51,46,1
50097,0,2016,9,1,8,1,9,2,7,1
50078,0,12590,99,43,56,13,99,56,50,0
50018,1,2052,12,0,12,2,12,2,10,1
5000,1,8964,25,2,23,6,25,8,18,1
5000,0,32130,82,19,63,22,82,41,50,0
50054,2,8973,11,5,6,1,11,6,8,1
50061,1,12453,39,12,27,1,39,13,28,1
50067,1,16214,117,40,77,36,117,76,50,0
50028,1,17582,164,138,26,3,164,141,50,0
50051,1,15471,65,23,42,14,65,37,34,1
50081,0,4265,15,0,15,6,15,6,10,1
50074,1,18110,84,27,57,13,84,40,50,0
50037,0,11799,41,12,29,5,41,17,28,1
50054,0,83354,84,65,19,10,84,75,50,0
50097,1,3367,17,5,12,2,17,7,11,1
50096,0,4154,13,4,9,2,13,6,7,1
50026,0,11257,28,5,23,1,28,6,23,1
50058,1,12769,40,10,30,8,40,18,25,1
50011,2,7346,37,8,29,4,37,12,26,1
50087,0,26620,59,19,40,10,59,29,36,1
5003,1,3625,13,5,8,1,13,6,8,1
50007,2,3432,10,0,10,2,10,2,8,1
50060,2,5360,15,0,15,1,15,1,14,1
50004,1,16628,96,54,42,2,96,56,50,0
50046,0,3926,10,0,10,0,10,0,10,1
50087,1,4251,12,3,9,1,12,4,8,1
50022,1,4804,20,9,11,0,20,9,12,1
50067,2,6094,34,11,23,9,34,20,16,1
50026,1,21137,64,3,61,14,64,17,50,0
50062,0,13990,73,20,53,7,73,27,50,0
50064,1,7971,42,4,38,11,42,15,29,1
50012,2,4913,18,8,10,1,18,9,10,1
50057,2,1597,8,0,8,2,8,2,6,1
50025,1,20374,74,17,57,24,74,41,40,1
50055,1,4310,32,6,26,6,32,12,22,1
50023,1,2482,15,1,14,4,15,5,11,1
50060,0,7247,30,9,21,4,30,13,18,1
50050,1,22689,82,18,64,19,82,37,50,0
50079,1,16995,42,16,26,0,42,16,30,1
50098,1,21009,88,33,55,12,88,45,50,0
50047,1,5035,17,0,17,5,17,5,13,1
50008,2,3274,18,0,18,11,18,11,9,1
50065,1,21729,155,60,95,62,155,122,50,0
50094,2,10176,39,16,23,0,39,16,26,1
50049,0,18774,94,31,63,23,94,54,50,0
50046,2,5590,12,0,12,2,12,2,10,1
50031,0,25421,85,50,35,6,85,56,39,1
50068,1,21335,105,48,57,17,105,65,50,0
50059,1,6781,38,13,25,6,38,19,22,1
50055,2,6744,30,5,25,6,30,11,21,1
50038,1,5964,30,13,17,0,30,13,19,1
50047,0,11160,55,22,33,5,55,27,32,1
50021,2,5458,20,6,14,1,20,7,14,1
50015,2,19700,76,15,61,17,76,32,50,0
50010,1,11381,46,12,34,14,46,26,22,1
50010,0,10705,56,19,37,15,56,34,25,1
50082,1,3552,27,15,12,3,27,18,11,1
50090,1,3353,20,4,16,4,20,8,13,1
50056,1,12239,229,219,10,3,229,222,50,0
50038,2,5375,14,3,11,0,14,3,11,1
50076,2,16834,74,34,40,9,74,43,37,1
50023,2,1786,10,0,10,1,10,1,9,1
50043,2,6076,26,6,20,5,26,11,16,1
50096,1,25068,107,42,65,28,107,70,50,0
50077,1,3836,14,6,8,1,14,7,8,1
50019,2,3877,14,0,14,0,14,0,14,1
50016,2,14857,77,11,66,22,77,33,50,0
50083,2,9182,51,9,42,16,51,25,29,1
50095,1,5242,51,38,13,3,51,41,16,1
50090,2,3625,7,0,7,0,7,0,7,1
50032,1,5133,34,7,27,5,34,12,24,1
50098,2,26008,75,20,55,13,75,33,50,0
50039,0,3994,45,15,30,17,45,32,17,1
50032,2,2234,12,0,12,2,12,2,10,1
50020,2,12173,31,12,19,0,31,12,21,1
50049,1,1965,7,0,7,1,7,1,6,1
50003,2,15625,64,23,41,11,64,34,36,1
50000,1,13433,53,14,39,13,53,27,30,1
50089,2,10007,8,1,7,0,8,1,10,1
50047,2,8564,41,11,30,9,41,20,25,1
50031,2,10981,55,24,31,9,55,33,26,1
5001,1,1664,15,2,13,6,15,8,7,1
50062,2,15439,72,20,52,11,72,31,46,1
50062,1,11377,57,1,56,10,57,11,48,1
50001,1,26577,81,36,45,2,81,38,50,0
50019,1,15031,51,5,46,7,51,12,41,1
50045,2,16968,71,28,43,9,71,37,40,1
50035,0,24247,106,58,48,8,106,66,50,0
50075,1,4488,17,5,12,3,17,8,10,1
50001,2,8345,33,11,22,0,33,11,23,1
50013,2,22844,75,24,51,8,75,32,50,0
50080,2,3445,14,7,7,0,14,7,8,1
50041,2,10335,37,8,29,6,37,14,26,1
50069,2,23079,63,33,30,4,63,37,34,1
50020,1,26578,74,24,50,12,74,36,45,1
5001,2,3961,28,5,23,10,28,15,14,1
50052,2,2294,12,0,12,5,12,5,8,1
50091,1,7045,36,7,29,5,36,12,26,1
50027,2,15631,35,11,24,5,35,16,24,1
50010,2,20568,94,30,64,22,94,52,50,0
50035,1,11615,43,14,29,9,43,23,24,1
50006,2,3478,7,0,7,1,7,1,6,1
50061,2,25640,69,17,52,9,69,26,50,0
50009,2,6747,23,5,18,4,23,9,15,1
50024,1,15790,70,21,49,4,70,25,50,0
50014,2,3131,14,1,13,2,14,3,11,1
50070,2,4653,17,3,14,4,17,7,11,1
50025,2,6622,18,5,13,0,18,5,14,1
50097,2,6180,30,7,23,12,30,19,15,1
50039,2,5877,41,13,28,12,41,25,19,1
50080,1,8184,35,15,20,7,35,22,17,1
50072,2,4417,18,3,15,7,18,10,9,1
5003,2,3530,13,0,13,6,13,6,8,1
50044,2,29699,82,24,58,18,82,42,50,0
50040,2,3402,18,5,13,2,18,7,12,1
50049,2,15980,49,16,33,10,49,26,30,1
50079,2,4642,11,0,11,0,11,0,11,1
50000,2,15787,71,39,32,2,71,41,36,1
50030,1,13399,44,11,33,9,44,20,27,1
50077,2,14726,81,36,45,17,81,53,37,1
50030,2,25062,78,9,69,25,78,34,50,0
50014,1,13241,76,32,44,11,76,43,40,1
50015,0,26837,85,28,57,17,85,45,50,0
50002,1,24037,41,15,26,6,41,21,26,1
50099,2,8549,74,12,62,30,74,42,37,1
50099,1,6693,49,11,38,11,49,22,28,1
50055,3,1911,14,0,14,5,14,5,9,1
50075,2,5824,18,5,13,1,18,6,14,1
50034,1,11877,52,10,42,18,52,28,29,1
50082,2,5947,31,18,13,1,31,19,15,1
50091,2,4768,30,8,22,5,30,13,18,1
50056,2,16369,223,216,7,0,223,216,50,0
50066,2,22231,40,1,39,2,40,3,43,1
50033,2,18757,86,33,53,9,86,42,50,0
50035,2,11674,98,59,39,14,98,73,38,1
50092,2,18562,60,11,49,1,60,12,50,0
5003,3,3895,22,10,12,3,22,13,11,1
50017,1,3767,13,2,11,4,13,6,8,1
50024,2,16237,80,19,61,17,80,36,50,0
50063,2,11996,52,11,41,9,52,20,34,1
50071,2,17151,107,59,48,7,107,66,50,0
50041,3,4449,14,2,12,0,14,2,12,1
50031,3,5862,23,7,16,5,23,12,13,1
50002,2,9304,10,0,10,1,10,1,10,1
50004,2,11054,44,21,23,1,44,22,25,1
50027,3,2462,9,0,9,1,9,1,8,1
50078,2,11207,64,20,44,8,64,28,40,1
50036,2,2839,15,1,14,7,15,8,8,1
50093,1,10102,20,0,20,6,20,6,17,1
50084,1,38123,64,12,52,26,64,38,37,1
50052,3,1983,15,5,10,2,15,7,9,1
50093,2,2183,10,0,10,2,10,2,8,1
50086,2,33491,67,22,45,1,67,23,50,0
50070,3,3927,15,5,10,0,15,5,11,1
50071,1,18543,100,52,48,5,100,57,50,0
50059,2,5657,15,1,14,3,15,4,11,1
50081,2,4574,18,2,16,5,18,7,13,1
50085,2,1175,5,0,5,0,5,0,5,1
50017,2,11749,39,15,24,8,39,23,20,1
50001,3,21986,72,19,53,10,72,29,50,0
50028,2,17467,195,178,17,2,195,180,50,0
50058,2,10064,43,2,41,22,43,24,21,1
50050,2,31897,87,14,73,31,87,45,50,0
50048,2,14335,55,8,47,25,55,33,28,1
50043,3,24742,93,37,56,15,93,52,50,0
50005,2,15335,110,63,47,9,110,72,50,0
50025,3,9307,29,5,24,8,29,13,18,1
50039,3,6849,49,23,26,9,49,32,22,1
50017,3,6398,20,11,9,0,20,11,11,1
50075,3,3200,18,1,17,7,18,8,11,1
50042,2,2551,15,0,15,6,15,6,9,1
50088,2,5812,23,2,21,7,23,9,15,1
50018,2,5525,27,5,22,5,27,10,19,1
50072,3,9014,42,13,29,12,42,25,21,1
50084,2,33897,64,16,48,16,64,32,41,1
50029,2,3942,21,2,19,3,21,5,16,1
50030,3,13954,40,10,30,3,40,13,29,1
50056,3,15249,235,228,7,3,235,231,50,0
50077,3,4435,28,16,12,5,28,21,10,1
50009,3,12698,34,6,28,8,34,14,23,1
50069,3,18197,79,34,45,12,79,46,39,1
50088,3,2990,19,2,17,6,19,8,11,1
50074,2,28239,107,50,57,16,107,66,50,0
50015,3,4815,25,9,16,2,25,11,16,1
50044,3,11446,20,6,14,2,20,8,15,1
50051,2,19611,104,41,63,22,104,63,50,0
50073,2,18494,94,39,55,12,94,51,50,0
50037,2,2703,14,3,11,1,14,4,10,1
50076,3,7213,37,14,23,1,37,15,23,1
50078,3,18697,87,31,56,11,87,42,50,0
50084,3,35988,54,17,37,12,54,29,35,1
50068,2,15647,110,60,50,12,110,72,50,0
50006,3,6134,18,5,13,2,18,7,12,1
50022,2,2464,17,6,11,2,17,8,10,1
50061,3,4049,17,1,16,5,17,6,11,1
50086,3,28805,70,20,50,6,70,26,50,0
50053,3,1745,8,2,6,1,8,3,5,1
50034,2,17778,112,26,86,51,112,77,50,0
50081,3,2829,19,3,16,7,19,10,10,1
50042,4,2461,10,0,10,1,10,1,9,1
50093,3,5403,17,5,12,1,17,6,12,1
50092,3,24208,65,18,47,1,65,19,50,0
50051,3,12759,49,23,26,0,49,23,30,1
50039,4,2113,13,1,12,2,13,3,10,1
50033,3,29040,99,50,49,10,99,60,50,0
50048,3,8137,36,4,32,11,36,15,22,1
50026,2,14407,50,6,44,10,50,16,36,1
50004,3,15145,59,19,40,11,59,30,34,1
50011,4,3793,16,1,15,1,16,2,14,1
50085,3,2547,13,5,8,1,13,6,8,1
50022,3,1923,13,3,10,2,13,5,8,1
50082,3,5942,44,24,20,8,44,32,16,1
50063,3,9140,50,16,34,8,50,24,29,1
50066,3,26113,50,8,42,1,50,9,47,1
50081,4,1548,6,0,6,0,6,0,6,1
5000,2,5919,26,9,17,6,26,15,13,1
50015,4,2791,15,1,14,4,15,5,10,1
50060,3,7703,18,1,17,3,18,4,14,1
50071,3,23587,120,67,53,14,120,81,50,0
50036,3,8104,19,3,16,5,19,8,13,1
50023,3,1377,12,0,12,3,12,3,9,1
50014,3,11115,102,30,72,31,102,61,50,0
50095,2,11647,124,89,35,10,124,99,41,1
50026,3,15945,48,8,40,7,48,15,34,1
50058,3,4790,13,5,8,1,13,6,8,1
50012,3,7181,43,11,32,15,43,26,20,1
50040,3,13524,45,17,28,4,45,21,29,1
50059,3,7400,29,6,23,5,29,11,20,1
50053,2,17144,65,32,33,12,65,44,29,1
50028,3,13097,217,207,10,0,217,207,50,0
50032,3,2848,10,0,10,0,10,0,10,1
50074,3,27225,98,40,58,16,98,56,50,0
50057,3,1485,9,2,7,1,9,3,6,1
50018,3,4997,41,13,28,9,41,22,21,1
50066,4,29500,61,16,45,1,61,17,50,0
50094,4,11927,40,16,24,1,40,17,27,1
50083,3,7741,37,19,18,3,37,22,19,1
50090,3,11195,31,8,23,3,31,11,23,1
50005,3,22253,122,80,42,7,122,87,50,0
50034,3,20744,115,27,88,52,115,79,50,0
50098,3,13485,46,15,31,2,46,17,33,1
50021,3,3515,27,8,19,7,27,15,14,1
50097,3,1520,8,0,8,1,8,1,7,1
50087,2,30500,98,39,59,18,98,57,50,0
50089,3,3433,8,0,8,1,8,1,7,1
50054,3,75378,48,41,7,0,48,41,42,1
50064,2,19006,76,10,66,21,76,31,50,1
50036,4,1621,9,0,9,3,9,3,6,1
50087,3,7646,21,0,21,8,21,8,14,1
50043,4,5157,24,4,20,6,24,10,15,1
5000,3,5673,13,4,9,0,13,4,9,1
50007,3,17173,56,15,41,13,56,28,33,1
50054,4,23712,24,16,8,0,24,16,17,1
50073,3,15040,76,41,35,7,76,48,35,1
50005,4,3516,24,10,14,3,24,13,12,1
50040,4,6406,10,1,9,0,10,1,9,1
50061,4,26999,70,16,54,11,70,27,50,0
50079,3,4077,17,0,17,6,17,6,11,1
50029,3,8154,54,26,28,0,54,26,32,1
50068,3,21460,107,50,57,19,107,69,50,0
5001,3,2973,38,11,27,13,38,24,16,1
50060,4,18639,81,22,59,17,81,39,50,0
50008,3,9008,22,7,15,3,22,10,14,1
50096,2,20454,83,43,40,10,83,53,39,1
50083,4,5216,26,15,11,0,26,15,13,1
50042,3,16501,88,36,52,9,88,45,50,0
50008,4,7486,15,5,10,0,15,5,12,1
50064,3,6189,16,0,16,3,16,3,13,1
50057,4,3542,17,5,12,2,17,7,11,1
50003,3,10751,50,17,33,12,50,29,26,1
50087,4,4412,9,0,9,1,9,1,8,1
50010,3,7413,35,12,23,4,35,16,21,1
50016,3,10075,32,1,31,5,32,6,28,1
50062,3,3150,18,0,18,2,18,2,16,1
50063,4,13397,98,31,67,25,98,56,50,0
50045,3,2945,14,1,13,2,14,3,11,1
5003,4,8797,23,1,22,8,23,9,16,1
50044,4,12808,35,6,29,11,35,17,22,1
50047,3,13678,95,45,50,10,95,55,50,0
50037,3,9359,30,8,22,5,30,13,19,1
50065,3,33431,176,76,100,75,176,151,50,0
50067,3,10218,52,16,36,15,52,31,25,1
50098,4,5134,28,7,21,3,28,10,18,1
50080,3,3757,13,6,7,0,13,6,8,1
50076,4,27987,115,56,59,23,115,79,50,0
50045,4,6133,17,5,12,0,17,5,13,1
50050,3,34693,86,14,72,31,86,45,50,0
50037,4,23509,64,22,42,5,64,27,43,1
50096,4,3103,7,0,7,0,7,0,7,1
50064,4,6318,47,21,26,5,47,26,25,1
50095,4,1639,16,8,8,2,16,10,7,1
50003,4,7033,30,11,19,5,30,16,16,1
50010,4,9985,39,9,30,10,39,19,22,1
50001,4,4299,16,4,12,0,16,4,12,1
50038,3,5681,33,12,21,3,33,15,20,1
50086,4,32883,81,27,54,12,81,39,50,0
50052,4,1370,9,3,6,0,9,3,6,1
50089,4,24850,38,11,27,12,38,23,24,1
50007,4,10129,22,5,17,3,22,8,15,1
50059,4,8826,24,5,19,3,24,8,17,1
50035,4,2263,15,1,14,5,15,6,9,1
50000,3,7044,33,12,21,4,33,16,19,1
50046,4,3696,13,1,12,2,13,3,10,1
50024,4,5226,19,0,19,0,19,0,19,1
50046,3,9461,35,4,31,12,35,16,21,1
50049,4,4057,17,1,16,6,17,7,11,1
50065,2,26885,151,62,89,59,151,121,50,0
50068,4,22485,98,45,53,12,98,57,50,0
50016,4,3879,23,1,22,4,23,5,18,1
50018,4,6463,30,0,30,9,30,9,23,1
50009,4,9768,19,0,19,5,19,5,15,1
50011,3,21357,69,15,54,11,69,26,50,0
50096,3,28965,93,36,57,20,93,56,50,0
50019,3,6308,27,5,22,4,27,9,19,1
50084,4,5267,13,0,13,2,13,2,11,1
50002,4,12323,18,6,12,1,18,7,12,1
50024,3,13436,84,22,62,20,84,42,50,0
50078,4,10684,65,30,35,0,65,30,39,1
50097,4,1096,7,0,7,0,7,0,7,1
50026,4,26844,61,13,48,3,61,16,50,0
50012,4,8587,42,18,24,8,42,26,20,1
50022,4,12953,77,35,42,16,77,51,35,1
50099,3,10383,54,7,47,24,54,31,26,1
50094,3,4414,24,8,16,4,24,12,13,1
50053,4,2689,12,5,7,1,12,6,7,1
50027,4,12177,38,14,24,4,38,18,23,1
50067,4,18663,143,56,87,52,143,108,50,0
50023,4,2062,15,0,15,6,15,6,9,1
50041,4,10250,32,8,24,3,32,11,23,1
50038,4,13336,49,6,43,17,49,23,31,1
50072,4,1946,10,1,9,3,10,4,6,1
50035,3,7475,34,17,17,1,34,18,20,1
50033,4,21343,88,42,46,5,88,47,50,0
50091,4,14138,62,15,47,16,62,31,37,1
50013,4,21743,72,23,49,5,72,28,50,1
50021,4,7800,39,12,27,6,39,18,23,1
50070,4,3608,18,5,13,2,18,7,12,1
50055,4,4201,20,5,15,4,20,9,12,1
50093,4,10075,40,4,36,15,40,19,24,1
50065,4,27960,139,40,99,66,139,106,50,0
50002,3,7174,8,1,7,0,8,1,7,1
50032,4,20482,90,18,72,30,90,48,50,0
50013,3,18766,99,48,51,11,99,59,50,0
50085,4,1168,5,0,5,0,5,0,5,1
50079,4,20904,53,4,49,15,53,19,39,1
50056,4,15267,181,155,26,7,181,162,50,0
50020,4,4578,16,0,16,6,16,6,11,1
50095,3,25557,135,99,36,5,135,104,50,0
50062,4,15689,55,17,38,5,55,22,36,1
5001,4,1877,11,0,11,4,11,4,7,1
50080,4,2731,5,0,5,0,5,0,5,1
50031,4,4788,24,0,24,9,24,9,16,1
50069,4,9515,29,11,18,1,29,12,19,1
50025,4,13521,39,7,32,14,39,21,22,1
50028,4,14191,163,141,22,1,163,142,50,0
50006,4,3034,6,0,6,0,6,0,6,1
50090,4,19560,67,30,37,1,67,31,43,1
50049,3,4643,21,4,17,6,21,10,12,1
50047,4,21721,89,34,55,17,89,51,50,0
50082,4,7376,35,17,18,5,35,22,15,1
50019,4,15371,78,21,57,12,78,33,50,0
50048,4,13993,42,4,38,23,42,27,20,1
50099,4,5422,36,6,30,12,36,18,20,1
50014,4,7715,47,18,29,6,47,24,25,1
50077,4,3946,26,14,12,2,26,16,12,1
50030,4,6452,21,2,19,7,21,9,12,1
50058,4,8243,28,5,23,10,28,15,15,1
50017,4,2927,20,2,18,11,20,13,8,1
50029,4,12631,68,17,51,5,68,22,50,0
50034,4,15369,118,12,106,70,118,82,50,0
50071,4,22905,87,36,51,8,87,44,50,0
50091,3,13922,65,20,45,6,65,26,44,1
50088,4,2845,15,0,15,4,15,4,11,1
50000,4,12796,55,24,31,8,55,32,28,1
5000,4,4347,10,1,9,0,10,1,9,1
50092,4,21136,62,13,49,1,62,14,50,0
50004,4,8498,64,27,37,8,64,35,34,1
50075,4,7668,34,12,22,5,34,17,21,1
50073,4,11196,58,30,28,4,58,34,30,1
50050,4,24964,84,21,63,18,84,39,50,0
50074,4,23286,90,29,61,17,90,46,50,0
50051,4,21708,79,19,60,15,79,34,50,0
60015,1,2716,11,0,11,2,11,2,9,1
60023,1,4011,12,0,12,2,12,2,10,1
60048,0,4947,15,2,13,4,15,6,9,1
60059,1,5301,18,0,18,6,18,6,12,1
60097,0,26621,10,0,10,0,10,0,21,1
60022,0,4510,15,1,14,0,15,1,14,1
60041,0,3550,22,8,14,0,22,8,15,1
60012,0,3122,19,5,14,1,19,6,14,1
60065,0,8270,26,10,16,1,26,11,18,1
60099,1,6706,22,0,22,7,22,7,16,1
60057,0,7334,25,10,15,2,25,12,15,1
60032,0,13065,35,10,25,0,35,10,27,1
60084,0,12013,38,5,33,10,38,15,25,1
60021,0,12994,29,10,19,5,29,15,16,1
60030,0,22130,31,10,21,1,31,11,24,1
60046,0,10234,32,7,25,2,32,9,24,1
60027,1,8669,29,5,24,5,29,10,21,1
60015,0,2891,10,0,10,1,10,1,9,1
60086,1,15740,54,19,35,18,54,37,23,1
60069,0,66362,47,10,37,5,47,15,50,0
60072,0,8942,43,12,31,1,43,13,32,1
60073,1,40759,51,9,42,6,51,15,50,0
60075,0,14100,31,6,25,9,31,15,19,1
60076,0,31386,64,19,45,6,64,25,50,0
60047,0,29196,59,27,32,7,59,34,32,1
60081,1,14019,74,37,37,8,74,45,35,1
60086,0,2478,9,0,9,2,9,2,7,1
60025,0,6834,32,7,25,6,32,13,21,1
60087,1,3116,12,0,12,3,12,3,9,1
60063,0,25913,74,21,53,8,74,29,50,0
60007,1,18358,66,15,51,5,66,20,50,0
60033,0,15115,30,0,30,16,30,16,17,1
60034,0,31027,86,38,48,7,86,45,50,0
60059,0,2907,13,1,12,0,13,1,12,1
60010,0,18439,68,14,54,15,68,29,43,1
60062,1,20247,48,7,41,5,48,12,38,1
60044,1,35463,94,40,54,10,94,50,50,0
60073,0,32146,60,5,55,13,60,18,50,0
60053,0,6015,15,1,14,6,15,7,9,1
60005,0,18470,67,13,54,9,67,22,50,0
60092,0,33608,76,17,59,17,76,34,49,1
60056,1,33365,83,33,50,8,83,41,50,0
60067,1,4139,17,0,17,5,17,5,13,1
60053,1,22671,44,10,34,12,44,22,26,1
60083,0,9564,26,3,23,4,26,7,20,1
60013,0,29123,64,6,58,16,64,22,50,0
60064,0,5066,21,7,14,1,21,8,14,1
60087,0,3117,16,4,12,3,16,7,9,1
60081,0,14088,110,67,43,5,110,72,50,0
60099,0,4399,10,0,10,0,10,0,10,1
60023,0,22695,74,27,47,9,74,36,44,1
60082,0,33209,90,34,56,13,90,47,50,0
60089,0,6753,45,12,33,2,45,14,33,1
60006,0,48834,79,34,45,11,79,45,50,0
60028,1,40158,92,48,44,7,92,55,50,0
60007,0,13913,45,7,38,3,45,10,38,1
60014,1,11137,42,21,21,1,42,22,26,1
60028,0,4445,12,3,9,1,12,4,8,1
60056,0,40888,84,20,64,27,84,47,50,0
60045,0,9423,23,5,18,0,23,5,20,1
60067,0,3784,21,7,14,2,21,9,13,1
60031,1,29042,110,33,77,41,110,74,50,0
60027,0,11993,53,12,41,3,53,15,41,1
60090,0,32363,88,27,61,21,88,48,50,0
60058,0,25784,58,12,46,14,58,26,39,1
60060,1,4583,22,7,15,5,22,12,11,1
60068,1,28739,83,27,56,12,83,39,50,0
60060,0,14538,37,11,26,8,37,19,22,1
60071,0,29673,69,20,49,4,69,24,50,0
60029,1,4882,23,7,16,3,23,10,14,1
60044,0,27408,71,12,59,15,71,27,50,0
60016,0,7801,29,5,24,8,29,13,18,1
60061,0,13661,59,23,36,5,59,28,33,1
60051,1,6836,28,10,18,2,28,12,18,1
60004,0,13605,41,15,26,4,41,19,26,1
60031,0,28547,120,54,66,32,120,86,50,0
60096,0,11989,34,9,25,3,34,12,24,1
60014,0,10774,35,15,20,0,35,15,24,1
60008,1,23620,62,20,42,18,62,38,31,1
60098,1,18619,75,26,49,6,75,32,50,1
60077,1,4308,17,3,14,3,17,6,12,1
60093,1,15936,41,6,35,14,41,20,23,1
60078,0,23443,61,27,34,12,61,39,29,1
60020,0,8084,21,3,18,3,21,6,16,1
60093,0,3178,12,0,12,2,12,2,10,1
60062,0,22776,62,11,51,10,62,21,44,1
60094,1,16583,90,36,54,13,90,49,46,1
60088,0,15675,17,1,16,2,17,3,17,1
60085,0,12966,70,19,51,15,70,34,40,1
60055,0,2837,19,4,15,5,19,9,11,1
60026,0,19716,80,26,54,8,80,34,50,0
60051,0,3051,9,0,9,0,9,0,9,1
60070,1,22186,20,1,19,6,20,7,20,1
60009,1,33777,115,69,46,9,115,78,50,0
60091,1,27733,70,24,46,11,70,35,41,1
60094,0,20982,71,20,51,7,71,27,50,0
60036,0,25849,59,9,50,21,59,30,38,1
60091,0,22571,40,10,30,5,40,15,30,1
60054,0,14411,64,13,51,5,64,18,50,0
60068,0,19809,73,9,64,18,73,27,50,0
60057,1,14799,27,3,24,7,27,10,20,1
60074,1,19061,61,17,44,1,61,18,50,0
60018,0,5921,28,5,23,6,28,11,19,1
60052,0,4477,11,0,11,2,11,2,9,1
60002,1,10391,44,19,25,7,44,26,20,1
60000,0,23169,39,15,24,0,39,15,29,1
60019,0,13502,23,5,18,0,23,5,20,1
60017,1,15332,68,16,52,6,68,22,50,0
60008,0,11082,36,1,35,14,36,15,24,1
60080,1,32362,69,22,47,7,69,29,50,0
60037,0,5513,7,0,7,0,7,0,7,1
60025,1,2460,12,0,12,3,12,3,9,1
60049,0,31123,90,29,61,18,90,47,50,0
60098,0,8616,85,33,52,10,85,43,50,0
60079,0,29539,71,28,43,10,71,38,40,1
60009,0,30876,125,83,42,8,125,91,50,0
60038,0,91660,120,104,16,5,120,109,50,0
60077,0,5170,22,5,17,7,22,12,11,1
60001,0,18122,99,20,79,35,99,55,50,0
60050,1,24711,75,11,64,22,75,33,49,1
60092,1,6691,13,0,13,1,13,1,12,1
60029,0,23909,103,23,80,42,103,65,50,0
60064,1,9001,39,17,22,1,39,18,24,1
60038,1,76397,133,76,57,37,133,113,50,0
60052,1,19733,32,8,24,2,32,10,24,1
60010,1,11052,36,14,22,0,36,14,24,1
60070,0,42637,40,2,38,12,40,14,40,1
60035,0,28161,53,8,45,17,53,25,33,1
60050,0,24623,81,25,56,14,81,39,50,0
60069,1,62237,47,15,32,1,47,16,50,0
60089,1,6231,34,0,34,7,34,7,28,1
60047,1,49393,62,23,39,7,62,30,50,0
60011,0,6860,34,0,34,9,34,9,26,1
60082,1,8755,22,5,17,1,22,6,17,1
60075,1,12561,35,18,17,4,35,22,16,1
60017,0,4154,20,1,19,1,20,2,18,1
60096,1,6739,12,1,11,0,12,1,11,1
60084,1,14557,26,1,25,2,26,3,25,1
60003,0,21089,77,21,56,11,77,32,50,0
60090,1,33866,63,11,52,11,63,22,50,0
60065,1,20633,57,15,42,5,57,20,43,1
60002,0,26344,95,46,49,8,95,54,50,0
60074,0,22169,46,3,43,0,46,3,50,0
60080,0,11948,47,9,38,6,47,15,34,1
60066,0,35388,106,57,49,7,106,64,50,0
60030,1,19435,30,11,19,0,30,11,23,1
60098,2,1736,10,1,9,0,10,1,9,1
60053,2,20198,24,0,24,9,24,9,19,1
60039,0,7831,39,3,36,18,39,21,21,1
60037,1,11514,20,2,18,5,20,7,15,1
60014,2,4306,18,0,18,5,18,5,14,1
60079,1,5086,18,5,13,1,18,6,13,1
60087,2,5442,13,0,13,1,13,1,13,1
60056,2,10477,30,8,22,3,30,11,19,1
60005,1,14784,73,19,54,9,73,28,50,0
60095,1,14992,85,36,49,8,85,44,49,1
60096,2,5404,22,4,18,2,22,6,17,1
60013,1,22721,85,23,62,22,85,45,50,0
60049,1,10128,32,10,22,4,32,14,20,1
60060,2,10002,17,5,12,2,17,7,12,1
60027,2,13572,24,1,23,3,24,4,22,1
60091,2,9206,27,11,16,0,27,11,18,1
60089,2,6591,17,0,17,0,17,0,17,1
60022,1,31159,67,15,52,10,67,25,50,0
60042,0,12072,44,16,28,0,44,16,32,1
60040,0,24398,86,37,49,8,86,45,50,0
60006,1,31076,73,25,48,6,73,31,50,0
60062,2,16953,38,5,33,7,38,12,28,1
60067,2,5110,29,9,20,5,29,14,16,1
60049,2,18050,33,7,26,6,33,13,22,1
60052,2,4533,9,0,9,0,9,0,9,1
60083,1,36878,73,12,61,21,73,33,50,0
60071,1,21736,66,10,56,11,66,21,50,0
60061,2,6435,19,0,19,4,19,4,15,1
60008,2,4708,14,5,9,2,14,7,8,1
60085,2,16574,87,31,56,12,87,43,50,0
60093,2,14431,47,10,37,6,47,16,36,1
60095,0,8307,60,17,43,13,60,30,34,1
60033,1,50330,98,21,77,44,98,65,50,0
60078,1,16978,40,7,33,19,40,26,19,1
60080,2,29577,61,8,53,11,61,19,50,0
60034,1,28142,54,8,46,1,54,9,50,0
60026,1,20290,75,9,66,21,75,30,50,0
60011,1,10520,44,10,34,6,44,16,30,1
60028,2,27727,75,38,37,7,75,45,39,1
60004,1,20756,88,29,59,17,88,46,50,0
60051,2,1802,12,0,12,3,12,3,9,1
60024,0,17707,84,21,63,22,84,43,48,1
60055,1,1763,8,0,8,1,8,1,7,1
60016,1,8551,39,5,34,16,39,21,21,1
60061,1,15045,79,32,47,4,79,36,50,0
60094,2,19284,92,29,63,23,92,52,50,0
60029,2,2042,12,0,12,3,12,3,9,1
60000,1,8535,9,0,9,0,9,0,9,1
60035,1,6675,18,0,18,7,18,7,11,1
60016,2,8765,20,9,11,2,20,11,11,1
60019,1,2077,11,0,11,4,11,4,7,1
60042,1,7428,20,0,20,6,20,6,15,1
60088,2,19845,28,2,26,13,28,15,19,1
60045,1,10547,51,15,36,12,51,27,28,1
60040,1,22492,103,60,43,5,103,65,50,0
60071,2,18305,57,5,52,7,57,12,50,1
60088,1,11362,15,0,15,3,15,3,13,1
60004,2,25355,71,19,52,8,71,27,50,0
60068,2,25322,73,30,43,2,73,32,50,0
60079,2,38614,71,23,48,7,71,30,50,0
60074,2,23344,51,7,44,1,51,8,50,0
60072,1,5277,22,1,21,1,22,2,20,1
60018,2,5721,9,0,9,0,9,0,9,1
60037,2,23380,52,17,35,11,52,28,29,1
60077,2,1654,6,0,6,0,6,0,6,1
60076,1,27354,96,44,52,11,96,55,50,0
60020,1,8668,22,0,22,6,22,6,17,1
60058,1,25079,52,7,45,14,52,21,37,1
60070,2,18879,29,6,23,7,29,13,20,1
60011,2,21778,86,23,63,19,86,42,50,0
60024,1,7780,25,6,19,2,25,8,19,1
60018,1,2976,18,5,13,1,18,6,13,1
60058,2,30477,62,13,49,12,62,25,45,1
60060,3,3313,8,0,8,2,8,2,6,1
60000,2,7354,22,5,17,4,22,9,14,1
60001,1,17674,89,29,60,20,89,49,50,0
60042,2,3564,12,0,12,0,12,0,12,1
60009,2,28494,109,63,46,8,109,71,50,0
60078,2,41538,99,21,78,45,99,66,47,1
60026,2,18721,74,21,53,8,74,29,50,0
60050,2,28345,79,12,67,26,79,38,50,0
60045,2,6348,32,14,18,0,32,14,20,1
60095,2,13023,97,43,54,13,97,56,50,0
60057,2,6077,19,8,11,0,19,8,12,1
60002,2,13007,74,28,46,16,74,44,34,1
60039,1,1901,14,1,13,5,14,6,8,1
60054,1,12122,62,4,58,15,62,19,46,1
60010,2,12388,39,6,33,13,39,19,23,1
60038,2,76426,140,90,50,31,140,121,50,0
60021,1,12183,30,11,19,2,30,13,20,1
60055,2,4449,22,6,16,5,22,11,13,1
60041,1,13140,58,19,39,15,58,34,27,1
60020,2,25428,64,9,55,11,64,20,50,0
60097,1,62475,49,23,26,2,49,25,50,0
60065,2,4849,27,11,16,2,27,13,16,1
60038,3,8158,19,7,12,4,19,11,9,1
60017,2,16199,74,17,57,13,74,30,50,0
60012,1,2435,12,0,12,3,12,3,9,1
60019,2,2189,7,0,7,0,7,0,7,1
60066,1,23717,58,27,31,6,58,33,30,1
60032,1,22386,52,16,36,2,52,18,37,1
60054,2,5110,23,1,22,3,23,4,19,1
60022,2,6739,15,0,15,1,15,1,14,1
60094,3,8213,21,4,17,0,21,4,17,1
60008,3,3594,7,0,7,1,7,1,6,1
60030,2,14654,29,5,24,7,29,12,20,1
60031,2,6327,21,3,18,8,21,11,11,1
60041,2,2596,18,1,17,8,18,9,9,1
60034,2,26022,79,27,52,9,79,36,50,0
60063,1,25552,70,19,51,6,70,25,50,0
60001,2,17636,102,29,73,29,102,58,50,0
60051,3,5584,30,5,25,6,30,11,21,1
60030,3,19385,21,4,17,0,21,4,21,1
60073,2,54617,45,15,30,0,45,15,50,0
60097,2,55008,51,16,35,7,51,23,50,0
60040,2,22546,91,39,52,14,91,53,45,1
60047,2,52010,81,40,41,6,81,46,50,0
60029,3,10214,27,6,21,7,27,13,17,1
60015,2,4226,9,0,9,0,9,0,9,1
60036,1,30372,92,42,50,14,92,56,50,0
60093,3,15191,43,5,38,10,43,15,32,1
60092,2,15262,35,6,29,7,35,13,24,1
60075,2,8962,15,4,11,2,15,6,10,1
60069,2,60577,51,10,41,8,51,18,50,0
60035,2,22163,65,21,44,9,65,30,39,1
60005,2,7841,20,0,20,4,20,4,17,1
60052,3,7894,13,0,13,2,13,2,12,1
60021,2,38560,98,54,44,6,98,60,50,0
60015,3,5722,30,10,20,0,30,10,22,1
60076,2,30208,83,38,45,4,83,42,50,0
60039,2,3615,29,8,21,9,29,17,14,1
60036,2,31692,89,32,57,18,89,50,50,0
60070,3,12988,22,1,21,6,22,7,18,1
60072,2,16183,86,31,55,12,86,43,50,0
60084,2,36449,75,25,50,8,75,33,50,0
60069,3,65245,53,16,37,6,53,22,50,0
60044,2,25010,87,33,54,10,87,43,50,0
60037,3,5639,16,5,11,2,16,7,10,1
60003,1,18772,48,9,39,0,48,9,42,1
60079,3,10654,24,4,20,5,24,9,17,1
60046,1,17730,63,17,46,5,63,22,44,1
60081,2,15447,67,28,39,4,67,32,41,1
60099,2,16950,20,3,17,1,20,4,22,1
60080,3,29183,69,19,50,8,69,27,50,0
60023,2,4801,13,0,13,3,13,3,10,1
60047,3,13871,31,9,22,7,31,16,17,1
60050,3,28984,58,6,52,11,58,17,50,0
60068,3,23485,80,28,52,9,80,37,50,0
60032,2,32283,69,18,51,11,69,29,47,1
60002,3,24157,113,55,58,17,113,72,50,0
60086,3,14213,29,10,19,5,29,15,19,1
60048,1,8549,22,2,20,8,22,10,14,1
60013,2,15136,34,2,32,9,34,11,25,1
60020,3,7016,19,1,18,3,19,4,16,1
60003,2,17395,45,5,40,3,45,8,39,1
60086,2,15953,44,13,31,12,44,25,25,1
60067,3,23855,91,30,61,22,91,52,50,0
60011,3,8515,42,9,33,5,42,14,29,1
60066,2,59691,120,76,44,11,120,87,50,0
60056,3,38874,80,31,49,14,80,45,50,0
60022,3,5533,15,1,14,0,15,1,14,1
60064,2,24145,88,32,56,15,88,47,50,0
60077,3,5867,19,5,14,4,19,9,11,1
60004,3,18921,55,20,35,1,55,21,38,1
60017,3,24164,67,22,45,2,67,24,49,1
60059,2,14932,55,16,39,9,55,25,33,1
60007,2,22352,68,16,52,8,68,24,50,0
60034,3,27393,75,19,56,11,75,30,50,0
60012,2,23222,77,24,53,13,77,37,48,1
60025,2,6254,44,10,34,12,44,22,25,1
60055,3,6990,47,18,29,6,47,24,27,1
60084,3,21968,47,5,42,7,47,12,39,1
60066,3,5334,18,2,16,1,18,3,15,1
60090,2,32579,71,8,63,22,71,30,50,0
60081,3,3687,14,4,10,0,14,4,10,1
60046,2,4791,18,3,15,1,18,4,14,1
60092,3,8478,15,2,13,1,15,3,12,1
60057,3,3000,11,2,9,2,11,4,7,1
60050,4,5715,20,2,18,2,20,4,16,1
60054,3,6370,26,3,23,4,26,7,20,1
60000,3,12287,15,0,15,0,15,0,17,1
60024,2,16383,76,22,54,19,76,41,40,1
60088,3,38970,62,19,43,2,62,21,49,1
60095,3,16920,103,38,65,27,103,65,50,0
60048,2,11032,38,15,23,5,38,20,20,1
60019,3,4485,12,1,11,4,12,5,7,1
60035,3,15688,50,12,38,13,50,25,28,1
60042,3,8302,40,11,29,5,40,16,27,1
60007,3,21549,62,13,49,3,62,16,50,0
60017,4,6087,20,1,19,1,20,2,18,1
60040,3,20474,85,28,57,13,85,41,50,0
60053,3,28506,47,17,30,6,47,23,30,1
60099,3,14771,26,7,19,1,26,8,22,1
60074,4,23791,51,6,45,1,51,7,50,0
60097,3,9148,13,0,13,3,13,3,11,1
60024,3,2293,13,3,10,1,13,4,9,1
60001,3,18302,102,42,60,19,102,61,50,0
60041,3,3611,18,6,12,2,18,8,11,1
60036,3,32961,79,29,50,12,79,41,50,0
60084,4,17189,43,14,29,2,43,16,30,1
60070,4,35836,71,26,45,13,71,39,43,1
60009,3,23827,121,78,43,6,121,84,50,0
60075,3,6886,18,4,14,3,18,7,12,1
60003,3,7860,20,1,19,0,20,1,19,1
60018,3,8794,50,15,35,9,50,24,30,1
60023,3,16145,50,16,34,3,50,19,34,1
60085,3,25375,85,31,54,14,85,45,50,0
60006,2,55058,84,40,44,11,84,51,50,0
60039,3,3937,20,1,19,9,20,10,11,1
60063,2,20415,73,21,52,6,73,27,50,0
60073,3,20749,53,5,48,16,53,21,36,1
60076,3,26401,76,27,49,8,76,35,50,0
60069,4,63272,40,2,38,3,40,5,50,0
60092,4,15733,38,7,31,10,38,17,24,1
60038,4,80411,123,70,53,30,123,100,50,0
60072,3,14088,78,17,61,16,78,33,50,0
60065,3,10498,30,13,17,2,30,15,17,1
60046,3,20085,71,20,51,7,71,27,50,0
60012,3,6354,17,5,12,0,17,5,13,1
60005,3,11292,42,11,31,1,42,12,32,1
60032,3,24933,70,7,63,19,70,26,50,0
60063,3,24449,75,18,57,13,75,31,50,0
60002,4,20550,110,57,53,10,110,67,50,0
60077,4,6421,30,7,23,8,30,15,18,1
60059,3,6338,20,5,15,2,20,7,14,1
60033,2,45946,68,16,52,22,68,38,41,1
60021,3,20711,55,16,39,7,55,23,37,1
60082,2,31172,65,10,55,12,65,22,48,1
60099,4,10182,42,17,25,6,42,23,23,1
60010,4,11133,53,9,44,20,53,29,26,1
60064,3,28912,83,26,57,15,83,41,50,0
60037,4,6922,10,0,10,2,10,2,9,1
60022,4,7488,16,0,16,2,16,2,15,1
60030,4,15101,38,17,21,1,38,18,23,1
60090,3,28261,60,15,45,6,60,21,50,0
60071,3,28103,68,20,48,4,68,24,50,0
60013,3,6590,16,2,14,2,16,4,12,1
60062,3,27492,78,15,63,17,78,32,50,0
60096,3,3440,13,0,13,2,13,2,11,1
60062,4,7906,18,1,17,2,18,3,15,1
60014,3,20626,88,39,49,9,88,48,50,0
60048,3,33006,78,35,43,11,78,46,42,1
60023,4,26709,67,28,39,3,67,31,42,1
60083,2,31119,89,28,61,20,89,48,50,0
60047,4,50366,69,26,43,6,69,32,50,0
60078,3,3616,10,1,9,0,10,1,9,1
60095,4,16643,103,40,63,22,103,62,50,0
60057,4,9819,43,7,36,15,43,22,24,1
60033,3,31967,45,15,30,10,45,25,29,1
60027,3,7977,57,22,35,7,57,29,32,1
60087,3,20278,65,16,49,10,65,26,45,1
60008,4,2445,10,0,10,4,10,4,6,1
60028,3,39009,96,43,53,15,96,58,50,0
60019,4,4937,19,5,14,5,19,10,10,1
60039,4,3916,12,3,9,1,12,4,8,1
60025,3,10879,47,8,39,13,47,21,29,1
60083,3,33192,78,34,44,4,78,38,50,0
60009,4,28185,119,75,44,7,119,82,50,0
60000,4,10212,27,7,20,4,27,11,17,1
60049,3,17089,29,7,22,0,29,7,24,1
60018,4,8531,35,9,26,5,35,14,24,1
60041,4,2196,9,0,9,0,9,0,9,1
60061,3,21292,83,17,66,21,83,38,50,0
60007,4,8481,21,0,21,1,21,1,20,1
60006,3,54683,66,25,41,11,66,36,50,0
60015,4,10310,53,6,47,17,53,23,33,1
60045,3,4359,21,5,16,2,21,7,15,1
60086,4,31407,82,22,60,21,82,43,50,0
60075,4,4578,10,1,9,2,10,3,7,1
60040,4,21319,85,35,50,10,85,45,50,0
60044,4,34577,73,18,55,11,73,29,50,0
60031,3,24130,104,52,52,15,104,67,50,0
60089,3,6342,26,7,19,0,26,7,20,1
60034,4,25970,79,31,48,3,79,34,50,0
60053,4,4682,8,1,7,0,8,1,7,1
60016,3,7242,19,0,19,7,19,7,13,1
60058,3,20766,51,9,42,13,51,22,33,1
60098,4,2607,14,1,13,4,14,5,9,1
60060,4,3612,6,0,6,0,6,0,6,1
60081,4,20712,91,44,47,6,91,50,50,0
60003,4,23357,76,19,57,12,76,31,50,0
60042,4,22068,87,31,56,14,87,45,50,0
60073,4,29436,71,21,50,6,71,27,50,0
60028,4,24709,81,41,40,7,81,48,39,1
60076,4,27081,86,39,47,7,86,46,50,0
60082,3,32784,84,29,55,11,84,40,50,0
60024,4,13939,70,22,48,14,70,36,40,1
60091,3,11473,25,5,20,0,25,5,22,1
60066,4,46068,91,47,44,5,91,52,50,0
60072,4,12712,63,16,47,8,63,24,43,1
60012,4,15547,65,14,51,10,65,24,46,1
60065,4,24655,92,46,46,7,92,53,50,0
60021,4,35080,96,47,49,10,96,57,50,0
60014,4,17680,82,32,50,8,82,40,49,1
60032,4,22939,76,15,61,17,76,32,50,0
60048,4,15542,50,10,40,20,50,30,23,1
60071,4,22753,82,26,56,16,82,42,50,0
60056,4,39734,90,34,56,17,90,51,50,0
60006,4,13820,31,7,24,1,31,8,25,1
60031,4,2847,13,0,13,5,13,5,8,1
60097,4,48538,45,13,32,9,45,22,43,1
60093,4,3854,11,0,11,1,11,1,10,1
60016,4,2680,9,0,9,2,9,2,7,1
60080,4,29189,75,19,56,14,75,33,50,0
60026,3,20129,67,17,50,7,67,24,50,0
60090,4,35447,59,4,55,15,59,19,50,0
60063,4,21284,62,10,52,7,62,17,50,0
60087,4,14886,56,22,34,3,56,25,35,1
60064,4,22650,102,51,51,10,102,61,50,1
60085,4,18236,84,23,61,17,84,40,50,0
60046,4,20578,68,19,49,4,68,23,50,0
60013,4,11833,43,8,35,11,43,19,26,1
60025,4,12550,54,11,43,12,54,23,37,1
60094,4,7870,44,19,25,2,44,21,25,1
60033,4,4571,9,0,9,1,9,1,8,1
60059,4,19841,81,27,54,11,81,38,50,0
60091,4,13090,40,11,29,7,40,18,25,1
60051,4,5172,20,5,15,0,20,5,16,1
60029,4,21119,99,25,74,34,99,59,50,0
60049,4,15468,32,8,24,6,32,14,20,1
60078,4,3632,14,1,13,4,14,5,9,1
60005,4,17185,70,19,51,6,70,25,50,0
60027,4,3345,12,0,12,0,12,0,12,1
60082,4,27670,74,20,54,9,74,29,50,1
60052,4,4685,14,0,14,5,14,5,9,1
60001,4,17554,75,20,55,9,75,29,50,0
60067,4,13285,40,12,28,7,40,19,25,1
60055,4,2026,15,5,10,1,15,6,10,1
60058,4,16046,32,7,25,4,32,11,24,1
60011,4,4834,24,2,22,5,24,7,17,1
60020,4,19239,71,16,55,11,71,27,50,0
60083,4,38482,79,30,49,12,79,42,50,0
60096,4,31147,74,31,43,1,74,32,50,0
60036,4,11100,22,5,17,1,22,6,19,1
60089,4,16503,68,9,59,14,68,23,50,0
60061,4,24304,62,13,49,5,62,18,50,0
60068,4,15681,66,11,55,13,66,24,45,1
60004,4,4997,17,3,14,2,17,5,13,1
60026,4,18284,76,32,44,4,76,36,48,1
60045,4,9477,46,17,29,6,46,23,26,1
60079,4,34144,64,19,45,6,64,25,48,1
60088,4,17787,51,24,27,1,51,25,28,1
60035,4,16224,43,12,31,5,43,17,30,1
60054,4,17434,63,4,59,13,63,17,50,0
60098,3,4019,21,6,15,2,21,8,14,1
60074,3,27957,47,2,45,3,47,5,50,0
60044,3,30644,74,26,48,6,74,32,50,0
60010,3,30305,86,27,59,17,86,44,50,0
60085,1,17434,76,19,57,13,76,32,50,0
60195,0,5185,6,0,6,0,6,0,6,1
60120,0,3198,11,0,11,3,11,3,8,1
60149,1,3841,12,1,11,1,12,2,10,1
60112,0,5567,13,2,11,0,13,2,11,1
60191,0,4063,20,5,15,5,20,10,11,1
60131,0,6171,26,7,19,4,26,11,17,1
60110,1,4078,21,3,18,7,21,10,12,1
60153,0,6250,31,8,23,9,31,17,16,1
60169,0,73612,24,6,18,1,24,7,50,0
60197,1,16511,39,2,37,10,39,12,29,1
60150,0,2879,9,0,9,2,9,2,7,1
60124,0,17925,51,26,25,7,51,33,23,1
60116,1,9818,44,6,38,18,44,24,22,1
60103,0,16439,46,15,31,8,46,23,26,1
60152,0,17823,61,18,43,5,61,23,42,1
60114,0,41188,61,22,39,1,61,23,50,0
60175,0,50676,51,10,41,12,51,22,50,0
60132,1,17207,60,9,51,5,60,14,50,0
60162,1,22613,83,49,34,5,83,54,37,1
60142,0,23253,75,27,48,3,75,30,50,0
60105,1,21373,79,35,44,3,79,38,50,0
60196,0,21969,70,18,52,6,70,24,50,0
60158,1,38886,80,31,49,7,80,38,50,0
60172,1,21098,67,17,50,6,67,23,50,0
60187,1,2975,9,0,9,0,9,0,9,1
60100,0,23330,81,23,58,17,81,40,50,0
60170,1,32901,59,12,47,8,59,20,50,0
60190,0,6829,25,3,22,8,25,11,15,1
60128,0,17379,46,15,31,4,46,19,31,1
60111,0,16988,86,29,57,13,86,42,50,0
60134,1,7970,24,4,20,6,24,10,14,1
60155,0,24795,96,53,43,6,96,59,50,0
60160,1,3879,8,1,7,0,8,1,7,1
60109,0,25554,73,9,64,23,73,32,50,0
60102,0,22945,77,21,56,11,77,32,50,0
60195,1,2400,7,0,7,1,7,1,6,1
60171,1,5828,16,0,16,1,16,1,16,1
60130,0,25480,49,11,38,9,49,20,36,1
60108,1,40864,77,32,45,4,77,36,50,0
60178,1,16291,63,23,40,10,63,33,36,1
60185,0,24248,76,15,61,17,76,32,50,0
60154,0,24972,69,23,46,2,69,25,50,0
60138,0,27223,91,25,66,26,91,51,50,0
60186,1,2873,11,0,11,0,11,0,11,1
60108,0,8118,15,1,14,0,15,1,15,1
60121,0,20877,85,24,61,20,85,44,50,0
60119,0,28717,112,31,81,44,112,75,50,0
60174,1,16459,33,13,20,6,33,19,17,1
60140,0,8634,31,7,24,4,31,11,22,1
60124,1,7363,23,11,12,1,23,12,13,1
60180,0,10429,41,7,34,2,41,9,34,1
60157,0,3613,13,0,13,4,13,4,9,1
60104,0,23753,67,15,52,7,67,22,50,0
60141,0,28806,80,31,49,7,80,38,50,0
60173,0,12755,69,22,47,8,69,30,42,1
60114,1,45914,51,16,35,1,51,17,50,0
60165,0,41103,118,20,98,61,118,81,50,0
60112,1,22140,45,6,39,9,45,15,36,1
60151,0,22889,30,0,30,10,30,10,23,1
60123,0,39460,77,19,58,21,77,40,50,0
60179,0,18679,96,42,54,13,96,55,50,0
60103,1,12434,28,6,22,6,28,12,18,1
60115,1,36767,81,7,74,33,81,40,50,0
60130,1,4413,9,0,9,0,9,0,9,1
60143,1,16933,134,93,41,9,134,102,50,0
60137,0,11824,36,17,19,5,36,22,17,1
60161,0,21980,49,10,39,7,49,17,35,1
60146,0,24473,94,37,57,15,94,52,50,0
60132,0,14389,39,9,30,1,39,10,31,1
60139,0,4570,26,5,21,3,26,8,19,1
60153,1,17673,87,32,55,15,87,47,50,0
60131,1,3596,12,3,9,1,12,4,8,1
60156,0,23681,62,10,52,9,62,19,50,0
60119,1,36326,115,39,76,40,115,79,50,0
60187,0,3196,11,0,11,2,11,2,9,1
60152,1,23944,71,21,50,5,71,26,50,0
60154,1,31310,57,12,45,3,57,15,50,0
60184,0,13474,119,64,55,19,119,83,50,0
60128,1,3555,8,0,8,0,8,0,8,1
60196,1,25435,71,12,59,13,71,25,49,1
60190,1,9123,35,8,27,6,35,14,22,1
60135,0,86740,99,13,86,75,99,88,50,0
60181,0,5632,13,3,10,1,13,4,9,1
60145,0,20634,35,9,26,9,35,18,21,1
60183,0,16017,128,22,106,84,128,106,39,1
60109,1,26703,93,10,83,42,93,52,50,0
60182,0,21826,67,23,44,4,67,27,45,1
60192,0,15361,75,10,65,17,75,27,50,0
60186,0,21894,77,13,64,20,77,33,50,0
60105,0,25331,72,18,54,10,72,28,50,0
60199,0,25378,75,16,59,19,75,35,47,1
60141,1,29702,80,25,55,13,80,38,50,0
60117,0,3008,6,0,6,1,6,1,5,1
60127,0,20631,84,38,46,4,84,42,50,0
60157,1,7457,35,2,33,13,35,15,22,1
60163,0,27984,99,33,66,28,99,61,50,0
60171,0,2048,13,0,13,2,13,2,11,1
60177,0,23263,67,16,51,18,67,34,40,1
60127,1,3229,14,0,14,3,14,3,11,1
60193,0,32972,99,51,48,11,99,62,50,0
60173,1,9375,49,18,31,5,49,23,29,1
60147,1,26689,48,2,46,2,48,4,50,0
60172,0,18030,71,13,58,15,71,28,50,0
60122,0,19986,62,16,46,6,62,22,44,1
60126,0,17255,62,21,41,11,62,32,35,1
60122,1,20167,64,12,52,6,64,18,50,0
60104,1,22400,58,8,50,3,58,11,50,0
60185,1,24217,87,31,56,13,87,44,50,0
60129,0,37105,102,30,72,32,102,62,50,0
60125,1,16626,21,0,21,2,21,2,24,1
60155,1,20344,86,42,44,3,86,45,50,0
60161,1,11570,42,11,31,6,42,17,28,1
60146,1,21566,67,23,44,4,67,27,44,1
60149,0,11180,39,5,34,13,39,18,24,1
60147,0,20689,46,0,46,5,46,5,44,1
60106,0,32093,62,7,55,16,62,23,50,0
60164,0,5703,11,3,8,1,11,4,8,1
60199,1,6122,32,10,22,4,32,14,19,1
60140,1,17454,74,17,57,13,74,30,50,0
60116,0,11809,46,7,39,14,46,21,28,1
60133,1,4689,17,8,9,2,17,10,8,1
60198,0,28110,76,16,60,16,76,32,50,0
60176,1,10231,37,15,22,5,37,20,20,1
60170,0,7113,11,0,11,1,11,1,10,1
60158,0,32840,68,17,51,6,68,23,50,0
60136,1,10186,40,2,38,7,40,9,32,1
60125,0,47661,49,18,31,1,49,19,50,0
60110,0,7718,22,6,16,2,22,8,15,1
60113,0,14781,37,5,32,6,37,11,29,1
60194,0,27554,62,16,46,2,62,18,50,0
60197,0,38065,71,23,48,7,71,30,50,0
60192,1,20423,37,3,34,8,37,11,30,1
60189,0,10018,40,9,31,5,40,14,29,1
60163,1,31060,110,38,72,35,110,73,50,0
60189,1,4558,29,8,21,4,29,12,18,1
60188,1,37246,55,9,46,6,55,15,50,0
60178,0,2670,13,0,13,4,13,4,9,1
60174,0,19191,60,31,29,11,60,42,24,1
60101,1,6295,11,2,9,1,11,3,9,1
60188,0,27368,54,2,52,17,54,19,43,1
60159,0,28230,93,33,60,18,93,51,50,0
60148,0,6579,9,2,7,0,9,2,8,1
60151,1,19506,43,10,33,9,43,19,27,1
60148,1,7830,8,1,7,0,8,1,8,1
60159,1,26030,77,14,63,17,77,31,50,0
60160,0,7444,27,5,22,10,27,15,14,1
60129,1,30281,91,33,58,17,91,50,50,0
60134,0,13160,50,7,43,14,50,21,32,1
60142,1,12469,40,7,33,0,40,7,34,1
60112,2,9755,19,2,17,2,19,4,17,1
60180,1,15748,88,41,47,4,88,45,50,0
60176,0,31106,92,43,49,12,92,55,50,0
60177,1,11546,38,1,37,14,38,15,26,1
60191,1,9144,32,14,18,4,32,18,18,1
60156,1,2773,10,0,10,0,10,0,10,1
60165,1,4170,13,0,13,4,13,4,9,1
60102,1,5604,14,0,14,0,14,0,14,1
60163,2,7173,31,2,29,14,31,16,16,1
60143,0,7314,64,49,15,2,64,51,22,1
60107,1,24672,99,36,63,24,99,60,50,0
60164,1,61811,84,36,48,22,84,58,50,0
60181,1,7144,18,5,13,4,18,9,10,1
60118,0,25405,92,27,65,24,92,51,50,0
60113,1,16123,52,16,36,4,52,20,36,1
60133,0,26989,135,83,52,20,135,103,50,0
60113,2,4074,18,5,13,0,18,5,14,1
60100,1,15268,55,12,43,10,55,22,36,1
60141,2,16085,49,6,43,14,49,20,33,1
60145,1,41673,77,22,55,23,77,45,40,1
60150,1,4898,22,2,20,10,22,12,11,1
60156,2,6547,34,5,29,7,34,12,24,1
60118,1,1950,11,1,10,3,11,4,7,1
60130,2,10533,36,5,31,6,36,11,27,1
60144,1,17122,81,14,67,25,81,39,50,0
60150,2,4033,16,5,11,1,16,6,11,1
60180,2,21255,80,35,45,2,80,37,50,0
60154,2,23939,67,16,51,7,67,23,50,0
60139,1,13271,48,13,35,5,48,18,34,1
60101,0,3175,14,0,14,5,14,5,10,1
60104,2,27716,77,22,55,10,77,32,50,0
60194,1,26748,59,11,48,3,59,14,50,0
60183,2,3546,27,2,25,17,27,19,11,1
60173,2,18607,81,34,47,4,81,38,50,0
60123,1,3476,12,0,12,0,12,0,12,1
60162,0,26431,116,66,50,10,116,76,50,0
60128,2,29414,73,21,52,12,73,33,50,0
60190,2,20285,103,37,66,24,103,61,50,0
60185,2,21367,82,27,55,11,82,38,50,0
60129,2,8466,26,1,25,10,26,11,16,1
60161,2,18024,74,23,51,13,74,36,43,1
60108,2,14455,36,11,25,5,36,16,23,1
60117,2,4960,15,4,11,4,15,8,8,1
60121,2,5186,19,0,19,4,19,4,15,1
60111,1,13908,55,7,48,6,55,13,45,1
60157,2,10692,27,5,22,0,27,5,24,1
60181,2,22917,42,17,25,2,42,19,28,1
60110,2,4973,9,1,8,0,9,1,8,1
60107,0,32738,113,49,64,27,113,76,50,0
60199,2,8035,28,0,28,9,28,9,20,1
60182,1,24342,78,26,52,12,78,38,45,1
60169,1,73259,33,14,19,3,33,17,50,0
60137,2,3596,9,0,9,2,9,2,7,1
60175,1,52211,55,19,36,8,55,27,50,0
60151,2,14305,22,2,20,4,22,6,17,1
60125,2,12246,19,0,19,3,19,3,18,1
60140,2,11304,37,1,36,14,37,15,24,1
60126,1,20700,67,26,41,6,67,32,40,1
60178,2,9363,20,5,15,0,20,5,17,1
60145,2,16475,31,14,17,1,31,15,19,1
60162,2,25984,112,69,43,5,112,74,50,0
60192,2,15885,73,10,63,16,73,26,50,0
60186,2,9925,41,8,33,8,41,16,27,1
60135,2,77414,103,32,71,54,103,86,50,0
60179,2,20653,94,44,50,11,94,55,50,0
60123,2,46050,60,7,53,20,60,27,50,0
60107,2,5512,30,3,27,12,30,15,16,1
60184,2,19366,98,36,62,22,98,58,50,0
60186,3,6691,11,0,11,0,11,0,11,1
60124,2,6045,21,2,19,9,21,11,11,1
60146,2,25993,89,38,51,8,89,46,50,0
60115,0,32187,93,9,84,45,93,54,50,0
60182,2,25192,78,26,52,7,78,33,50,0
60147,2,24723,53,5,48,4,53,9,50,0
60177,2,10437,40,8,32,11,40,19,23,1
60120,1,21742,96,27,69,30,96,57,50,0
60139,2,19683,82,25,57,13,82,38,50,0
60197,2,11586,36,15,21,3,36,18,21,1
60115,2,14756,35,0,35,14,35,14,24,1
60105,2,21536,63,16,47,3,63,19,50,0
60103,3,5496,13,1,12,4,13,5,8,1
60183,1,17045,183,28,155,136,183,164,50,0
60184,1,23078,127,62,65,32,127,94,50,0
60122,2,15489,63,12,51,5,63,17,50,0
60194,2,9304,23,1,22,2,23,3,21,1
60103,2,27552,38,8,30,4,38,12,32,1
60127,2,15668,40,10,30,4,40,14,30,1
60170,3,30309,71,5,66,22,71,27,50,0
60132,2,17248,74,16,58,14,74,30,50,0
60179,1,23981,85,45,40,0,85,45,50,0
60121,1,27330,97,38,59,18,97,56,50,0
60120,2,1677,9,0,9,1,9,1,8,1
60134,3,12022,42,13,29,5,42,18,26,1
60171,2,3816,27,8,19,5,27,13,16,1
60135,1,86888,103,27,76,67,103,94,50,0
60195,3,3298,9,0,9,3,9,3,6,1
60174,3,9987,37,4,33,15,37,19,19,1
60155,2,4725,32,12,20,3,32,15,18,1
60149,2,14517,64,32,32,5,64,37,34,1
60117,1,8072,23,10,13,2,23,12,13,1
60138,2,27735,90,17,73,29,90,46,50,1
60176,2,13154,34,10,24,5,34,15,22,1
60160,3,5547,13,0,13,5,13,5,9,1
60116,2,18592,96,17,79,36,96,53,50,0
60111,2,15748,83,29,54,10,83,39,50,0
60193,2,30182,82,30,52,11,82,41,50,0
60198,2,21887,85,33,52,10,85,43,50,0
60170,2,6073,13,0,13,0,13,0,14,1
60172,2,23667,73,22,51,8,73,30,50,0
60106,2,23239,67,2,65,20,67,22,50,0
60133,2,4304,10,2,8,1,10,3,7,1
60158,2,46577,81,30,51,9,81,39,50,0
60171,3,7879,26,5,21,3,26,8,20,1
60188,2,38017,75,16,59,19,75,35,50,0
60190,3,22287,85,20,65,21,85,41,50,0
60138,1,30345,78,24,54,13,78,37,50,0
60187,2,13215,37,3,34,8,37,11,29,1
60101,2,1581,5,0,5,0,5,0,5,1
60142,2,10673,38,4,34,5,38,9,30,1
60115,3,28100,81,5,76,34,81,39,50,0
60196,3,12217,54,13,41,10,54,23,33,1
60193,1,28863,76,33,43,1,76,34,50,0
60126,2,24845,101,58,43,4,101,62,50,0
60106,1,35700,59,9,50,9,59,18,50,0
60159,2,25726,72,32,40,10,72,42,36,1
60134,2,17422,51,19,32,1,51,20,34,1
60100,2,3381,15,3,12,0,15,3,12,1
60153,2,4903,20,6,14,3,20,9,12,1
60191,2,7090,29,1,28,15,29,16,16,1
60195,2,16653,34,11,23,4,34,15,23,1
60137,1,25636,76,31,45,16,76,47,36,1
60114,3,42679,64,25,39,2,64,27,50,0
60198,1,27472,73,18,55,11,73,29,50,0
60152,3,21951,66,18,48,2,66,20,50,0
60109,2,17921,75,26,49,5,75,31,50,0
60112,3,38118,60,12,48,7,60,19,50,0
60164,2,9655,20,7,13,3,20,10,12,1
60101,3,1445,13,6,7,2,13,8,5,1
60143,2,23619,110,70,40,7,110,77,48,1
60118,3,3605,8,0,8,1,8,1,7,1
60144,3,4982,24,0,24,10,24,10,15,1
60119,3,28330,104,45,59,18,104,63,50,1
60178,3,22322,82,27,55,12,82,39,50,0
60176,3,13453,40,18,22,3,40,21,21,1
60148,3,10167,24,1,23,10,24,11,15,1
60143,3,9311,105,85,20,5,105,90,32,1
60109,3,13250,59,23,36,3,59,26,37,1
60152,2,21364,73,25,48,5,73,30,50,0
60189,2,21188,74,12,62,17,74,29,50,0
60100,3,8204,23,5,18,1,23,6,18,1
60160,2,15610,78,11,67,50,78,61,27,1
60136,2,16420,84,28,56,12,84,40,50,0
60175,3,9977,17,2,15,2,17,4,15,1
60161,3,2939,13,2,11,2,13,4,9,1
60174,2,39044,81,39,42,13,81,52,39,1
60146,3,20150,93,28,65,21,93,49,50,0
60187,3,12375,65,14,51,18,65,32,37,1
60159,3,17529,48,15,33,8,48,23,27,1
60148,2,4783,7,0,7,1,7,1,6,1
60188,3,27604,78,12,66,24,78,36,50,0
60131,2,7677,35,7,28,11,35,18,20,1
60141,3,26533,65,18,47,5,65,23,50,0
60155,3,24866,92,36,56,17,92,53,50,0
60144,2,2327,14,1,13,4,14,5,9,1
60173,3,13270,72,25,47,7,72,32,43,1
60194,3,26718,65,11,54,9,65,20,50,0
60153,3,3026,20,6,14,4,20,10,11,1
60163,3,8767,40,5,35,18,40,23,20,1
60179,3,5333,20,4,16,2,20,6,14,1
60130,3,21469,63,2,61,26,63,28,40,1
60169,3,34694,58,16,42,1,58,17,50,0
60199,3,2468,13,1,12,2,13,3,10,1
60119,2,33758,98,29,69,31,98,60,50,0
60107,3,22436,76,20,56,19,76,39,45,1
60118,2,13708,65,20,45,13,65,33,37,1
60113,3,3023,14,1,13,3,14,4,10,1
60102,2,18175,88,14,74,30,88,44,50,0
60104,3,25360,84,19,65,22,84,41,50,0
60116,3,3209,12,1,11,1,12,2,10,1
60124,3,22447,71,32,39,12,71,44,33,1
60142,3,16848,56,16,40,1,56,17,42,1
60191,3,10073,38,15,23,7,38,22,21,1
60130,4,10078,32,6,26,3,32,9,25,1
60193,3,11007,33,10,23,2,33,12,23,1
60114,2,37312,63,20,43,3,63,23,50,0
60131,3,12860,78,27,51,19,78,46,40,1
60156,3,2435,14,0,14,4,14,4,10,1
60175,2,54257,44,9,35,9,44,18,50,0
60196,2,22642,75,26,49,5,75,31,50,0
60108,4,5543,15,2,13,3,15,5,10,1
60165,2,23641,64,11,53,31,64,42,29,1
60113,4,5395,24,0,24,8,24,8,17,1
60102,3,14499,65,13,52,8,65,21,47,1
60120,3,9502,57,19,38,15,57,34,28,1
60199,4,6266,27,3,24,5,27,8,20,1
60192,4,23887,80,22,58,14,80,36,50,0
60172,3,20975,65,6,59,15,65,21,50,0
60180,3,17448,87,39,48,6,87,45,50,0
60129,3,21843,64,23,41,8,64,31,38,1
60157,4,8185,15,0,15,0,15,0,17,1
60169,2,61963,38,12,26,0,38,12,50,0
60150,3,6185,29,12,17,4,29,16,16,1
60145,4,7531,12,2,10,2,12,4,9,1
60108,3,39988,71,21,50,9,71,30,50,0
60185,3,21578,78,14,64,22,78,36,46,1
60154,3,31285,58,13,45,3,58,16,50,0
60145,3,64132,94,41,53,20,94,61,50,0
60181,3,10598,35,17,18,2,35,19,18,1
60121,3,26377,77,30,47,5,77,35,50,0
60184,3,19931,99,45,54,13,99,58,50,0
60111,3,17955,87,35,52,9,87,44,50,0
60186,4,7852,27,7,20,4,27,11,17,1
60146,4,24840,87,36,51,9,87,45,50,0
60138,3,12910,30,5,25,6,30,11,21,1
60140,4,6000,21,6,15,0,21,6,16,1
60165,3,46061,120,28,92,59,120,87,50,0
60123,3,5994,17,5,12,0,17,5,13,1
60116,4,4956,25,12,13,1,25,13,13,1
60162,3,16346,88,46,42,11,88,57,37,1
60197,4,13638,24,2,22,3,24,5,20,1
60197,3,11604,16,2,14,0,16,2,15,1
60128,3,28476,63,19,44,5,63,24,50,0
60137,3,6807,22,8,14,6,22,14,9,1
60151,4,21559,40,4,36,14,40,18,26,1
60157,3,13057,31,7,24,0,31,7,27,1
60103,4,15718,16,0,16,1,16,1,16,1
60117,4,6032,13,2,11,6,13,8,6,1
60149,4,11587,46,13,33,9,46,22,28,1
60110,3,21235,53,27,26,2,53,29,31,1
60192,3,27099,91,26,65,24,91,50,50,0
60147,3,19036,53,8,45,0,53,8,50,0
60105,4,29776,57,9,48,5,57,14,50,0
60129,4,40242,84,34,50,12,84,46,50,0
60162,4,23483,105,61,44,4,105,65,50,0
60183,3,10859,103,11,92,79,103,90,30,1
60140,3,6485,28,10,18,2,28,12,17,1
60182,4,33786,85,11,74,33,85,44,50,0
60152,4,27264,62,15,47,3,62,18,50,0
60125,4,9473,20,2,18,2,20,4,18,1
60181,4,22492,64,30,34,11,64,41,30,1
60177,3,11201,36,13,23,5,36,18,20,1
60151,3,41888,66,5,61,20,66,25,50,0
60132,4,11871,78,21,57,12,78,33,50,0
60123,4,16481,44,11,33,9,44,20,29,1
60110,4,6555,20,3,17,6,20,9,12,1
60171,4,4143,21,0,21,6,21,6,16,1
60198,4,10574,29,5,24,2,29,7,23,1
60134,4,19669,77,20,57,14,77,34,50,0
60106,3,37312,53,6,47,7,53,13,50,0
60107,4,5067,14,0,14,1,14,1,13,1
60133,3,22302,150,96,54,22,150,118,50,0
60172,4,23592,71,9,62,18,71,27,50,0
60122,4,15724,51,5,46,8,51,13,41,1
60127,3,29540,79,34,45,3,79,37,50,0
60178,4,7202,14,0,14,1,14,1,14,1
60182,3,38823,93,37,56,16,93,53,50,0
60126,4,3231,13,1,12,0,13,1,12,1
60135,3,76491,106,29,77,62,106,91,50,0
60117,3,11092,37,11,26,11,37,22,18,1
60105,3,20226,71,22,49,5,71,27,50,0
60139,3,23677,77,15,62,18,77,33,50,0
60137,4,5028,7,0,7,0,7,0,7,1
60189,3,9378,23,3,20,2,23,5,19,1
60193,4,30344,71,22,49,7,71,29,50,0
60111,4,5700,27,6,21,2,27,8,20,1
60147,4,20918,61,11,50,6,61,17,50,0
60104,4,18230,57,14,43,4,57,18,42,1
60177,4,4036,10,0,10,2,10,2,8,1
60149,3,19492,56,13,43,11,56,24,36,1
60132,3,18727,67,20,47,3,67,23,50,0
60170,4,28706,76,8,68,26,76,34,50,0
60106,4,18083,44,8,36,10,44,18,29,1
60190,4,20803,105,30,75,33,105,63,50,0
60158,4,31058,76,20,56,10,76,30,50,0
60143,4,16061,114,67,47,12,114,79,50,0
60195,4,3170,8,0,8,2,8,2,6,1
60115,4,31022,88,12,76,35,88,47,50,0
60125,3,20995,31,5,26,4,31,9,29,1
60133,4,7051,28,14,14,3,28,17,13,1
60187,4,19658,73,14,59,21,73,35,43,1
60131,4,2581,11,1,10,2,11,3,8,1
60127,4,22568,82,25,57,15,82,40,50,0
60122,3,19922,71,15,56,11,71,26,50,0
60176,4,20512,70,24,46,13,70,37,39,1
60153,4,3183,11,4,7,0,11,4,7,1
60101,4,5454,19,10,9,2,19,12,9,1
60136,4,22603,85,26,59,20,85,46,50,0
60158,3,38946,68,14,54,8,68,22,50,0
60109,4,25397,88,41,47,6,88,47,50,0
60194,4,26799,68,24,44,1,68,25,50,0
60198,3,22108,86,33,53,10,86,43,50,0
60174,4,36395,93,33,60,30,93,63,41,1
60164,4,50763,79,32,47,20,79,52,45,1
60188,4,34031,70,23,47,7,70,30,50,0
60119,4,32864,131,48,83,50,131,98,50,0
60112,4,30473,51,8,43,9,51,17,43,1
60120,4,1978,10,1,9,1,10,2,8,1
60135,4,50600,85,22,63,42,85,64,39,1
60189,4,21419,72,20,52,9,72,29,50,0
60124,4,35626,99,33,66,27,99,60,49,1
60126,3,28114,86,35,51,12,86,47,50,0
60138,4,7052,13,0,13,0,13,0,14,1
60196,4,11577,32,4,28,3,32,7,26,1
60159,4,20445,68,16,52,15,68,31,40,1
60100,4,19690,50,15,35,2,50,17,39,1
60118,4,7206,32,7,25,8,32,15,19,1
60128,4,24958,80,16,64,23,80,39,50,0
60142,4,23824,73,25,48,3,73,28,50,0
60144,4,10369,62,9,53,22,62,31,36,1
60185,4,18747,70,19,51,15,70,34,41,1
60154,4,16578,36,3,33,4,36,7,33,1
60155,4,28313,85,33,52,11,85,44,50,0
60160,4,20787,90,13,77,49,90,62,38,1
60173,4,3554,25,5,20,7,25,12,14,1
60148,4,13935,43,20,23,4,43,24,24,1
60156,4,2780,13,1,12,2,13,3,10,1
60161,4,21364,83,25,58,16,83,41,50,0
60191,4,17751,95,49,46,19,95,68,39,1
60136,3,19077,88,17,71,29,88,46,50,0
60169,4,54151,38,8,30,0,38,8,50,0
60184,4,7873,54,19,35,11,54,30,26,1
60102,4,10241,41,7,34,8,41,15,27,1
60150,4,2248,10,0,10,3,10,3,7,1
60114,4,47479,44,6,38,4,44,10,50,0
60163,4,32848,93,21,72,33,93,54,50,0
60164,3,58610,91,22,69,42,91,64,50,0
60175,4,45361,60,19,41,9,60,28,50,0
60180,4,17657,86,34,52,8,86,42,50,0
60183,4,9864,66,16,50,32,66,48,26,1
60121,4,21184,81,24,57,13,81,37,50,0
60141,4,25591,80,21,59,16,80,37,50,0
60165,4,43274,118,23,95,60,118,83,50,0
60179,4,21499,108,59,49,9,108,68,50,0
60139,4,11942,52,11,41,11,52,22,34,1
60144,0,15634,88,27,61,19,88,46,49,1
